0 -59.665
1 -64.382
2 -30.669
3 -27.656
4 -27.794
5 -25.814
6 -15.894
7 -22.943
8 -20.475
9 -16.718
10 -18.028
11 -14.518
12 -19.312
13 -18.708
14 -18.266
15 -15.528
16 -15.834
17 -13.282
18 -13.138
19 -13.817
20 -14.453
21 -11.022
22 -11.004
23 -11.173
24 -12.666
25 -11.984
26 -10.588
27 -12.337
28 -12.551
29 -11.641
30 -10.851
31 -13.152
32 -11.498
33 -13.853
34 -12.309
35 -10.078
36 -11.422
37 -9.290
38 -11.782
39 -12.221
40 -11.935
41 -11.972
42 -11.976
43 -9.404
44 -10.651
45 -12.386
46 -13.903
47 -10.706
48 -11.295
49 -11.567
50 -12.939
51 -10.779
52 -12.074
53 -10.992
54 -9.649
55 -10.329
56 -10.639
57 -11.203
58 -10.897
59 -10.585
60 -9.497
61 -10.459
62 -11.654
