0 -85.914
1 -94.291
2 -42.954
3 -39.945
4 -35.178
5 -30.860
6 -27.655
7 -30.197
8 -26.070
9 -25.069
10 -24.597
11 -22.966
12 -29.792
13 -24.606
14 -24.134
15 -22.418
16 -22.280
17 -20.482
18 -19.363
19 -19.876
20 -18.981
21 -17.925
22 -19.245
23 -17.901
24 -18.473
25 -17.532
26 -17.389
27 -17.572
28 -17.591
29 -17.815
30 -17.796
31 -17.713
32 -16.331
33 -19.175
34 -18.505
35 -18.184
36 -17.462
37 -17.803
38 -18.210
39 -18.110
40 -17.501
41 -18.879
42 -18.062
43 -17.451
44 -18.183
45 -16.762
46 -18.105
47 -17.384
48 -17.490
49 -17.757
50 -18.665
51 -17.443
52 -17.990
53 -18.014
54 -18.041
55 -16.988
56 -19.486
57 -17.685
58 -17.474
59 -17.645
60 -17.985
61 -16.980
62 -16.880
