0 -114.851
1 -152.016
2 -54.251
3 -56.738
4 -46.907
5 -45.064
6 -40.714
7 -39.493
8 -38.660
9 -39.854
10 -31.660
11 -30.455
12 -42.830
13 -31.833
14 -33.253
15 -33.719
16 -35.704
17 -29.248
18 -27.523
19 -29.775
20 -29.560
21 -27.040
22 -29.163
23 -23.861
24 -27.058
25 -23.431
26 -23.744
27 -23.130
28 -23.220
29 -25.443
30 -23.152
31 -24.700
32 -22.175
33 -37.450
34 -25.566
35 -24.559
36 -24.194
37 -23.610
38 -23.734
39 -27.400
40 -23.269
41 -25.542
42 -25.744
43 -25.669
44 -31.244
45 -22.405
46 -24.076
47 -23.448
48 -27.685
49 -28.259
50 -27.261
51 -21.984
52 -25.061
53 -26.153
54 -28.410
55 -21.653
56 -29.821
57 -26.957
58 -23.998
59 -26.308
60 -26.733
61 -44.082
62 -24.339
