0 -63.972
1 -82.753
2 -39.580
3 -30.599
4 -25.815
5 -24.796
6 -22.151
7 -18.007
8 -16.448
9 -15.370
10 -15.735
11 -14.425
12 -15.142
13 -19.399
14 -15.795
15 -13.459
16 -14.240
17 -12.952
18 -11.943
19 -13.935
20 -10.936
21 -12.999
22 -12.605
23 -12.482
24 -12.081
25 -11.477
26 -10.943
27 -11.736
28 -11.548
29 -11.762
30 -9.271
31 -11.474
32 -11.619
33 -12.072
34 -10.644
35 -9.005
36 -11.437
37 -8.961
38 -9.382
39 -10.001
40 -10.439
41 -10.375
42 -10.192
43 -10.412
44 -10.553
45 -11.063
46 -11.475
47 -9.346
48 -10.687
49 -10.212
50 -12.014
51 -10.483
52 -10.250
53 -11.229
54 -10.001
55 -10.718
56 -9.934
57 -10.799
58 -10.255
59 -9.179
60 -10.378
61 -10.776
62 -9.987
