0 -85.443
1 -107.469
2 -52.766
3 -42.128
4 -35.520
5 -32.457
6 -29.081
7 -27.287
8 -23.715
9 -20.979
10 -19.456
11 -19.786
12 -18.945
13 -28.285
14 -20.208
15 -18.645
16 -19.540
17 -18.070
18 -17.719
19 -17.996
20 -17.557
21 -17.398
22 -18.437
23 -16.753
24 -17.730
25 -16.485
26 -15.975
27 -15.962
28 -15.335
29 -15.918
30 -15.925
31 -15.731
32 -14.601
33 -16.106
34 -15.664
35 -16.657
36 -15.314
37 -14.706
38 -15.404
39 -15.575
40 -15.120
41 -16.450
42 -14.920
43 -15.463
44 -15.819
45 -14.174
46 -15.754
47 -15.176
48 -15.375
49 -15.247
50 -16.118
51 -15.553
52 -14.832
53 -15.545
54 -15.221
55 -14.838
56 -15.366
57 -15.185
58 -14.879
59 -14.901
60 -15.208
61 -14.309
62 -14.589
