0 -113.316
1 -143.069
2 -60.670
3 -53.291
4 -43.283
5 -40.622
6 -35.818
7 -36.409
8 -34.158
9 -31.490
10 -26.257
11 -29.387
12 -23.355
13 -35.849
14 -25.094
15 -26.186
16 -30.203
17 -22.618
18 -24.802
19 -22.792
20 -25.904
21 -23.817
22 -26.629
23 -22.825
24 -29.196
25 -25.312
26 -21.383
27 -21.831
28 -19.524
29 -20.221
30 -21.852
31 -24.476
32 -21.370
33 -24.235
34 -24.094
35 -20.702
36 -21.142
37 -19.454
38 -20.276
39 -25.400
40 -22.712
41 -24.867
42 -18.865
43 -24.689
44 -24.844
45 -19.789
46 -22.403
47 -20.501
48 -21.044
49 -21.586
50 -23.537
51 -20.303
52 -23.378
53 -22.533
54 -22.066
55 -22.658
56 -23.788
57 -22.410
58 -21.405
59 -23.606
60 -20.705
61 -19.197
62 -21.258
