0 -56.528
1 -52.014
2 -28.651
3 -29.294
4 -32.325
5 -30.779
6 -24.330
7 -25.831
8 -22.770
9 -17.878
10 -19.121
11 -17.227
12 -15.696
13 -12.264
14 -16.512
15 -14.774
16 -15.026
17 -13.925
18 -13.832
19 -15.687
20 -14.951
21 -14.189
22 -15.202
23 -14.384
24 -14.995
25 -15.035
26 -14.640
27 -15.556
28 -14.816
29 -14.932
30 -15.250
31 -15.228
32 -15.474
33 -14.803
34 -14.423
35 -14.887
36 -14.814
37 -13.033
38 -13.808
39 -14.845
40 -15.266
41 -15.088
42 -13.283
43 -14.329
44 -13.145
45 -13.031
46 -14.871
47 -13.403
48 -12.477
49 -13.414
50 -13.014
51 -12.315
52 -12.410
53 -12.863
54 -11.345
55 -11.878
56 -12.213
57 -13.291
58 -13.287
59 -12.320
60 -10.475
61 -10.977
62 -12.019
