0 -94.134
1 -66.135
2 -44.600
3 -43.457
4 -48.368
5 -43.762
6 -33.822
7 -35.580
8 -30.524
9 -26.830
10 -25.334
11 -23.642
12 -20.731
13 -22.807
14 -21.601
15 -20.730
16 -20.780
17 -19.451
18 -19.503
19 -20.800
20 -20.057
21 -20.684
22 -20.803
23 -19.864
24 -20.420
25 -20.550
26 -19.328
27 -21.169
28 -20.026
29 -20.503
30 -20.853
31 -22.016
32 -18.981
33 -21.587
34 -20.030
35 -20.620
36 -20.420
37 -20.386
38 -20.391
39 -20.826
40 -19.421
41 -20.992
42 -19.986
43 -19.874
44 -20.363
45 -18.411
46 -19.675
47 -19.368
48 -18.662
49 -18.849
50 -19.680
51 -18.523
52 -19.071
53 -19.200
54 -18.455
55 -17.773
56 -19.062
57 -18.186
58 -18.317
59 -18.403
60 -18.028
61 -16.607
62 -17.152
