0 -120.741
1 -83.920
2 -56.376
3 -56.612
4 -58.415
5 -57.471
6 -56.461
7 -61.604
8 -49.453
9 -40.038
10 -31.908
11 -34.587
12 -25.696
13 -33.410
14 -28.194
15 -30.369
16 -32.017
17 -27.334
18 -26.382
19 -27.012
20 -29.764
21 -32.603
22 -28.340
23 -25.387
24 -29.770
25 -27.836
26 -27.071
27 -29.135
28 -24.286
29 -27.427
30 -28.800
31 -32.151
32 -24.761
33 -29.029
34 -28.474
35 -25.529
36 -29.105
37 -27.689
38 -25.216
39 -31.885
40 -23.585
41 -32.136
42 -27.008
43 -26.307
44 -33.700
45 -23.239
46 -24.396
47 -24.332
48 -23.106
49 -26.252
50 -27.187
51 -25.319
52 -26.004
53 -29.076
54 -25.917
55 -24.320
56 -25.562
57 -30.918
58 -23.821
59 -28.373
60 -26.617
61 -22.116
62 -23.468
