53 1.152 -0.175 1.261
129 1.149 -0.150 1.118
101 1.151 -0.104 0.877
179 1.156 -0.076 0.733
53 1.158 -0.187 1.259
129 1.149 -0.169 1.115
101 1.143 -0.133 0.875
179 1.146 -0.109 0.731
53 1.167 -0.197 1.257
129 1.151 -0.184 1.113
101 1.140 -0.154 0.873
179 1.143 -0.133 0.729
53 1.181 -0.206 1.256
129 1.160 -0.196 1.111
101 1.146 -0.167 0.871
179 1.151 -0.143 0.727
53 1.202 -0.210 1.256
129 1.181 -0.202 1.111
101 1.166 -0.170 0.870
179 1.169 -0.144 0.726
53 1.229 -0.206 1.256
129 1.210 -0.197 1.111
101 1.193 -0.165 0.869
179 1.191 -0.140 0.725
53 1.251 -0.194 1.256
129 1.239 -0.187 1.110
101 1.223 -0.160 0.868
179 1.217 -0.137 0.723
53 1.264 -0.179 1.257
129 1.263 -0.170 1.110
101 1.254 -0.147 0.867
179 1.245 -0.129 0.721
53 1.268 -0.166 1.259
129 1.280 -0.154 1.112
101 1.281 -0.132 0.867
179 1.273 -0.116 0.721
53 1.261 -0.160 1.261
129 1.284 -0.145 1.115
101 1.301 -0.118 0.868
179 1.297 -0.102 0.721
53 1.244 -0.159 1.263
129 1.272 -0.143 1.117
101 1.306 -0.111 0.871
179 1.311 -0.091 0.723
53 1.222 -0.159 1.263
129 1.252 -0.143 1.118
101 1.293 -0.110 0.874
179 1.307 -0.087 0.726
53 1.199 -0.158 1.262
129 1.228 -0.141 1.117
101 1.270 -0.109 0.874
179 1.288 -0.087 0.727
53 1.185 -0.149 1.259
129 1.206 -0.137 1.115
101 1.240 -0.111 0.873
179 1.258 -0.091 0.727
53 1.182 -0.140 1.257
129 1.192 -0.126 1.113
101 1.213 -0.106 0.872
179 1.226 -0.092 0.727
53 1.182 -0.135 1.256
129 1.182 -0.120 1.112
101 1.189 -0.101 0.871
179 1.197 -0.091 0.726
53 1.184 -0.133 1.255
129 1.174 -0.118 1.110
101 1.167 -0.098 0.870
179 1.169 -0.088 0.725
53 1.189 -0.135 1.254
129 1.170 -0.120 1.110
101 1.149 -0.097 0.869
179 1.146 -0.085 0.725
53 1.197 -0.139 1.254
129 1.170 -0.125 1.110
101 1.138 -0.099 0.869
179 1.131 -0.081 0.725
53 1.210 -0.142 1.254
129 1.179 -0.129 1.110
101 1.140 -0.100 0.869
179 1.129 -0.079 0.726
53 1.217 -0.135 1.255
129 1.191 -0.127 1.110
101 1.155 -0.103 0.869
179 1.143 -0.081 0.725
53 1.216 -0.128 1.255
129 1.199 -0.119 1.110
101 1.174 -0.099 0.869
179 1.165 -0.082 0.724
53 1.212 -0.121 1.255
129 1.204 -0.109 1.111
101 1.192 -0.091 0.869
179 1.187 -0.080 0.724
53 1.208 -0.116 1.256
129 1.209 -0.103 1.111
101 1.209 -0.086 0.869
179 1.209 -0.077 0.724
53 1.204 -0.114 1.257
129 1.213 -0.100 1.112
101 1.224 -0.082 0.870
179 1.228 -0.073 0.724
53 1.198 -0.114 1.258
129 1.215 -0.099 1.113
101 1.237 -0.080 0.871
179 1.244 -0.071 0.724
53 1.191 -0.116 1.259
129 1.215 -0.102 1.115
101 1.246 -0.080 0.872
179 1.258 -0.069 0.725
53 1.190 -0.113 1.258
129 1.213 -0.104 1.114
101 1.248 -0.085 0.872
179 1.263 -0.070 0.726
53 1.199 -0.109 1.258
129 1.217 -0.101 1.113
101 1.247 -0.085 0.872
179 1.262 -0.072 0.726
53 1.213 -0.106 1.257
129 1.226 -0.097 1.112
101 1.249 -0.082 0.871
179 1.259 -0.071 0.726
53 1.228 -0.104 1.257
129 1.237 -0.095 1.112
101 1.250 -0.079 0.870
179 1.257 -0.069 0.725
53 1.243 -0.102 1.256
129 1.247 -0.092 1.111
101 1.252 -0.075 0.869
179 1.254 -0.066 0.724
53 1.257 -0.101 1.256
129 1.257 -0.090 1.111
101 1.254 -0.073 0.869
179 1.252 -0.063 0.724
53 1.270 -0.099 1.256
129 1.266 -0.088 1.111
101 1.256 -0.071 0.869
179 1.250 -0.061 0.723
53 1.278 -0.093 1.256
129 1.274 -0.086 1.110
101 1.261 -0.071 0.868
179 1.252 -0.061 0.723
53 1.275 -0.087 1.257
129 1.278 -0.080 1.110
101 1.267 -0.068 0.867
179 1.257 -0.060 0.722
53 1.265 -0.084 1.258
129 1.274 -0.076 1.111
101 1.271 -0.064 0.868
179 1.263 -0.057 0.722
53 1.250 -0.083 1.259
129 1.265 -0.075 1.113
101 1.272 -0.061 0.868
179 1.267 -0.054 0.723
53 1.231 -0.083 1.259
129 1.251 -0.074 1.114
101 1.269 -0.059 0.870
179 1.269 -0.051 0.723
53 1.212 -0.084 1.259
129 1.234 -0.075 1.114
101 1.261 -0.059 0.871
179 1.268 -0.050 0.724
53 1.193 -0.085 1.259
129 1.217 -0.076 1.114
101 1.250 -0.060 0.872
179 1.262 -0.050 0.726
53 1.182 -0.080 1.257
129 1.202 -0.076 1.113
101 1.235 -0.063 0.872
179 1.250 -0.052 0.726
53 1.182 -0.076 1.255
129 1.195 -0.072 1.112
101 1.220 -0.062 0.871
179 1.235 -0.054 0.726
53 1.188 -0.072 1.254
129 1.193 -0.068 1.110
101 1.209 -0.060 0.870
179 1.221 -0.053 0.726
53 1.197 -0.070 1.253
129 1.194 -0.065 1.109
101 1.200 -0.057 0.869
179 1.208 -0.051 0.725
53 1.207 -0.068 1.253
129 1.197 -0.063 1.109
101 1.193 -0.055 0.869
179 1.196 -0.050 0.725
53 1.218 -0.067 1.253
129 1.202 -0.062 1.109
101 1.188 -0.053 0.869
179 1.187 -0.048 0.725
53 1.231 -0.066 1.253
129 1.210 -0.061 1.109
101 1.185 -0.053 0.869
179 1.179 -0.047 0.725
53 1.237 -0.062 1.253
129 1.217 -0.062 1.109
101 1.188 -0.055 0.868
179 1.178 -0.047 0.724
53 1.233 -0.058 1.254
129 1.219 -0.058 1.109
101 1.194 -0.054 0.867
179 1.182 -0.047 0.723
53 1.224 -0.056 1.253
129 1.216 -0.055 1.108
101 1.198 -0.051 0.867
179 1.188 -0.046 0.722
53 1.212 -0.054 1.253
129 1.209 -0.052 1.108
101 1.200 -0.048 0.867
179 1.194 -0.043 0.722
53 1.199 -0.052 1.254
129 1.201 -0.049 1.109
101 1.201 -0.044 0.867
179 1.199 -0.040 0.722
53 1.185 -0.050 1.254
129 1.193 -0.047 1.109
101 1.201 -0.042 0.867
179 1.203 -0.038 0.722
53 1.171 -0.049 1.254
129 1.184 -0.045 1.109
101 1.200 -0.039 0.868
179 1.206 -0.035 0.723
53 1.163 -0.043 1.253
129 1.175 -0.044 1.109
101 1.196 -0.040 0.868
179 1.207 -0.035 0.723
53 1.165 -0.039 1.253
129 1.171 -0.040 1.109
101 1.190 -0.038 0.869
179 1.203 -0.035 0.724
53 1.172 -0.036 1.252
129 1.172 -0.037 1.109
101 1.185 -0.036 0.869
179 1.198 -0.034 0.725
53 1.184 -0.034 1.252
129 1.177 -0.034 1.108
101 1.183 -0.034 0.869
179 1.193 -0.032 0.725
53 1.199 -0.032 1.252
129 1.187 -0.032 1.108
101 1.183 -0.032 0.869
179 1.189 -0.031 0.725
53 1.215 -0.031 1.252
129 1.199 -0.031 1.109
101 1.186 -0.030 0.869
179 1.187 -0.029 0.725
53 1.233 -0.030 1.253
129 1.213 -0.030 1.109
101 1.191 -0.029 0.869
179 1.186 -0.027 0.725
53 1.243 -0.025 1.253
129 1.226 -0.030 1.109
101 1.200 -0.030 0.868
179 1.190 -0.027 0.724
53 1.244 -0.022 1.254
129 1.234 -0.026 1.109
101 1.211 -0.029 0.867
179 1.199 -0.027 0.723
53 1.238 -0.020 1.254
129 1.235 -0.023 1.109
101 1.220 -0.026 0.867
179 1.209 -0.025 0.722
53 1.230 -0.017 1.255
129 1.233 -0.021 1.109
101 1.226 -0.024 0.867
179 1.218 -0.024 0.722
53 1.218 -0.015 1.255
129 1.228 -0.018 1.110
101 1.231 -0.021 0.867
179 1.227 -0.022 0.722
53 1.205 -0.013 1.256
129 1.221 -0.015 1.111
101 1.233 -0.019 0.868
179 1.234 -0.020 0.723
53 1.190 -0.011 1.256
129 1.211 -0.013 1.112
101 1.234 -0.017 0.869
179 1.239 -0.018 0.723
53 1.181 -0.005 1.256
129 1.200 -0.012 1.112
101 1.229 -0.017 0.870
179 1.241 -0.018 0.725
53 1.183 -0.002 1.255
129 1.196 -0.008 1.111
101 1.223 -0.015 0.871
179 1.237 -0.017 0.726
53 1.191 -0.001 1.254
129 1.198 -0.007 1.110
101 1.219 -0.013 0.871
179 1.232 -0.016 0.726
53 1.203 -0.000 1.253
129 1.204 -0.005 1.110
101 1.217 -0.012 0.870
179 1.228 -0.014 0.725
53 1.216 0.001 1.253
129 1.213 -0.004 1.109
101 1.218 -0.010 0.869
179 1.224 -0.013 0.725
53 1.231 0.002 1.253
129 1.222 -0.002 1.109
101 1.219 -0.009 0.869
179 1.222 -0.011 0.725
53 1.246 0.004 1.253
129 1.233 -0.001 1.109
101 1.221 -0.007 0.869
179 1.220 -0.010 0.724
53 1.256 0.010 1.254
129 1.244 0.001 1.109
101 1.227 -0.008 0.868
179 1.220 -0.009 0.724
53 1.257 0.015 1.254
129 1.252 0.006 1.109
101 1.235 -0.006 0.867
179 1.225 -0.009 0.723
53 1.251 0.018 1.255
129 1.253 0.009 1.109
101 1.242 -0.003 0.867
179 1.231 -0.007 0.722
53 1.241 0.021 1.256
129 1.249 0.012 1.110
101 1.246 -0.000 0.867
179 1.237 -0.005 0.722
53 1.227 0.024 1.256
129 1.241 0.016 1.111
101 1.247 0.003 0.868
179 1.243 -0.003 0.723
53 1.210 0.027 1.257
129 1.229 0.020 1.112
101 1.246 0.006 0.869
179 1.247 -0.001 0.723
53 1.192 0.030 1.257
129 1.215 0.023 1.113
101 1.241 0.010 0.870
179 1.248 0.002 0.724
53 1.180 0.036 1.256
129 1.200 0.025 1.113
101 1.231 0.011 0.871
179 1.244 0.004 0.726
53 1.180 0.038 1.255
129 1.193 0.028 1.112
101 1.220 0.014 0.872
179 1.236 0.007 0.727
53 1.187 0.038 1.254
129 1.193 0.029 1.110
101 1.213 0.017 0.871
179 1.227 0.010 0.726
53 1.197 0.039 1.253
129 1.196 0.030 1.109
101 1.208 0.018 0.870
179 1.219 0.013 0.726
53 1.208 0.041 1.252
129 1.202 0.032 1.109
101 1.205 0.020 0.870
179 1.211 0.015 0.725
53 1.222 0.043 1.252
129 1.210 0.035 1.109
101 1.203 0.023 0.869
179 1.205 0.017 0.725
53 1.236 0.045 1.252
129 1.220 0.038 1.109
101 1.203 0.026 0.869
179 1.200 0.020 0.725
53 1.246 0.052 1.253
129 1.230 0.041 1.109
101 1.207 0.027 0.868
179 1.198 0.022 0.724
53 1.245 0.057 1.254
129 1.236 0.047 1.109
101 1.214 0.031 0.867
179 1.202 0.024 0.723
53 1.238 0.060 1.254
129 1.235 0.050 1.109
101 1.219 0.035 0.867
179 1.207 0.027 0.722
53 1.227 0.063 1.254
129 1.230 0.053 1.109
101 1.221 0.038 0.867
179 1.212 0.030 0.722
53 1.214 0.066 1.255
129 1.222 0.057 1.109
101 1.222 0.041 0.867
179 1.217 0.033 0.722
53 1.199 0.069 1.255
129 1.212 0.061 1.110
101 1.221 0.045 0.868
179 1.221 0.035 0.723
53 1.182 0.073 1.255
129 1.200 0.065 1.110
101 1.219 0.049 0.868
179 1.223 0.039 0.723
53 1.171 0.080 1.255
129 1.188 0.068 1.111
101 1.212 0.051 0.870
179 1.222 0.042 0.725
53 1.171 0.083 1.254
129 1.180 0.073 1.110
101 1.203 0.055 0.871
179 1.217 0.045 0.726
53 1.177 0.085 1.253
129 1.180 0.075 1.109
101 1.197 0.059 0.870
179 1.210 0.049 0.726
53 1.187 0.086 1.252
129 1.183 0.077 1.109
101 1.193 0.061 0.870
179 1.204 0.052 0.725
53 1.200 0.089 1.252
129 1.191 0.080 1.108
101 1.192 0.064 0.869
179 1.199 0.055 0.725
53 1.216 0.091 1.252
129 1.201 0.083 1.108
101 1.192 0.067 0.869
179 1.194 0.057 0.725
53 1.232 0.094 1.252
129 1.214 0.087 1.108
101 1.195 0.072 0.868
179 1.192 0.061 0.724
53 1.243 0.101 1.253
129 1.227 0.090 1.108
101 1.202 0.073 0.867
179 1.193 0.062 0.724
53 1.244 0.105 1.253
129 1.234 0.094 1.108
101 1.212 0.076 0.867
179 1.200 0.064 0.722
53 1.238 0.107 1.253
129 1.235 0.097 1.108
101 1.220 0.079 0.866
179 1.209 0.066 0.722
53 1.229 0.110 1.254
129 1.232 0.099 1.108
101 1.226 0.080 0.866
179 1.218 0.068 0.721
53 1.216 0.112 1.255
129 1.226 0.101 1.109
101 1.230 0.081 0.867
179 1.226 0.069 0.722
53 1.201 0.115 1.255
129 1.217 0.104 1.110
101 1.231 0.084 0.867
179 1.233 0.070 0.722
53 1.184 0.117 1.255
129 1.205 0.108 1.111
101 1.230 0.088 0.869
179 1.237 0.074 0.723
53 1.173 0.124 1.255
129 1.192 0.111 1.111
101 1.223 0.090 0.870
179 1.236 0.076 0.725
53 1.174 0.128 1.254
129 1.185 0.115 1.110
101 1.213 0.094 0.871
179 1.229 0.080 0.726
53 1.181 0.127 1.253
129 1.186 0.115 1.109
101 1.206 0.096 0.870
179 1.220 0.083 0.725
53 1.192 0.127 1.252
129 1.191 0.115 1.108
101 1.203 0.096 0.869
179 1.213 0.083 0.724
53 1.205 0.128 1.252
129 1.198 0.116 1.108
101 1.200 0.096 0.868
179 1.206 0.083 0.724
53 1.220 0.130 1.252
129 1.208 0.118 1.107
101 1.199 0.096 0.868
179 1.199 0.082 0.723
53 1.236 0.131 1.252
129 1.219 0.121 1.107
101 1.200 0.098 0.867
179 1.195 0.083 0.723
53 1.245 0.138 1.253
129 1.230 0.122 1.108
101 1.206 0.097 0.867
179 1.196 0.082 0.723
53 1.245 0.141 1.253
129 1.237 0.126 1.108
101 1.215 0.099 0.866
179 1.203 0.082 0.722
53 1.238 0.142 1.254
129 1.236 0.126 1.108
101 1.222 0.100 0.866
179 1.212 0.083 0.721
53 1.226 0.144 1.254
129 1.231 0.127 1.109
101 1.227 0.100 0.866
179 1.220 0.083 0.722
53 1.212 0.146 1.255
129 1.223 0.130 1.110
101 1.229 0.101 0.867
179 1.228 0.084 0.722
53 1.195 0.149 1.255
129 1.211 0.133 1.111
101 1.229 0.104 0.868
179 1.233 0.086 0.723
53 1.178 0.152 1.256
129 1.198 0.137 1.111
101 1.225 0.109 0.869
179 1.235 0.091 0.724
53 1.167 0.160 1.256
129 1.185 0.141 1.112
101 1.216 0.112 0.871
179 1.231 0.095 0.726
53 1.167 0.164 1.254
129 1.178 0.146 1.111
101 1.204 0.118 0.871
179 1.220 0.100 0.726
53 1.175 0.164 1.253
129 1.178 0.148 1.109
101 1.195 0.120 0.870
179 1.208 0.103 0.725
53 1.186 0.165 1.252
129 1.182 0.148 1.108
101 1.189 0.121 0.869
179 1.198 0.104 0.724
53 1.199 0.167 1.252
129 1.189 0.150 1.108
101 1.185 0.121 0.868
179 1.188 0.103 0.724
53 1.213 0.168 1.252
129 1.198 0.153 1.107
101 1.183 0.122 0.867
179 1.181 0.102 0.723
53 1.229 0.168 1.252
129 1.209 0.153 1.107
101 1.186 0.122 0.867
179 1.179 0.101 0.723
53 1.238 0.173 1.253
129 1.222 0.153 1.108
101 1.195 0.120 0.867
179 1.184 0.100 0.723
53 1.238 0.176 1.253
129 1.230 0.155 1.108
101 1.209 0.121 0.867
179 1.197 0.100 0.722
53 1.232 0.176 1.254
129 1.231 0.155 1.109
101 1.220 0.121 0.867
179 1.212 0.101 0.722
53 1.222 0.178 1.255
129 1.228 0.157 1.110
101 1.229 0.122 0.868
179 1.225 0.102 0.723
53 1.209 0.182 1.256
129 1.222 0.161 1.111
101 1.235 0.125 0.869
179 1.236 0.104 0.723
53 1.195 0.186 1.256
129 1.213 0.166 1.112
101 1.237 0.131 0.870
179 1.244 0.108 0.724
53 1.180 0.190 1.257
129 1.202 0.172 1.112
101 1.234 0.137 0.871
179 1.246 0.114 0.725
53 1.169 0.199 1.257
129 1.190 0.177 1.113
101 1.223 0.141 0.872
179 1.239 0.119 0.726
53 1.171 0.203 1.255
129 1.183 0.183 1.111
101 1.209 0.147 0.871
179 1.224 0.125 0.726
53 1.179 0.203 1.254
129 1.183 0.183 1.110
101 1.198 0.149 0.870
179 1.208 0.127 0.725
53 1.189 0.203 1.253
129 1.186 0.183 1.108
101 1.189 0.147 0.868
179 1.194 0.126 0.724
53 1.200 0.203 1.252
129 1.190 0.182 1.108
101 1.182 0.145 0.867
179 1.182 0.122 0.723
53 1.212 0.202 1.252
129 1.196 0.181 1.107
101 1.179 0.143 0.867
179 1.175 0.118 0.723
53 1.225 0.200 1.252
129 1.206 0.179 1.107
101 1.181 0.141 0.867
179 1.174 0.116 0.723
53 1.235 0.205 1.253
129 1.219 0.179 1.108
101 1.192 0.138 0.867
179 1.181 0.114 0.723
53 1.236 0.210 1.254
129 1.228 0.184 1.109
101 1.209 0.142 0.867
179 1.198 0.116 0.723
53 1.230 0.212 1.255
129 1.230 0.187 1.110
101 1.223 0.145 0.868
179 1.216 0.120 0.723
53 1.220 0.216 1.256
129 1.229 0.191 1.111
101 1.233 0.148 0.869
179 1.232 0.124 0.724
53 1.208 0.221 1.257
129 1.223 0.197 1.112
101 1.240 0.154 0.870
179 1.244 0.129 0.724
53 1.195 0.226 1.257
129 1.215 0.203 1.113
101 1.242 0.161 0.870
179 1.251 0.135 0.725
53 1.180 0.230 1.257
129 1.204 0.208 1.113
101 1.237 0.167 0.871
179 1.250 0.140 0.725
53 1.168 0.238 1.257
129 1.189 0.212 1.113
101 1.223 0.170 0.872
179 1.238 0.143 0.726
53 1.163 0.242 1.226
129 1.180 0.218 1.085
101 1.206 0.174 0.850
179 1.219 0.146 0.708
53 1.164 0.241 1.224
129 1.172 0.217 1.083
101 1.191 0.175 0.848
179 1.202 0.149 0.707
53 1.167 0.238 1.223
129 1.168 0.214 1.082
101 1.178 0.172 0.847
179 1.186 0.147 0.706
53 1.172 0.238 1.222
129 1.165 0.212 1.081
101 1.166 0.168 0.847
179 1.173 0.142 0.706
53 1.179 0.239 1.222
129 1.165 0.213 1.081
101 1.157 0.165 0.847
179 1.161 0.137 0.707
53 1.191 0.240 1.222
129 1.170 0.214 1.081
101 1.152 0.166 0.847
179 1.153 0.135 0.707
53 1.207 0.240 1.222
129 1.182 0.216 1.081
101 1.155 0.169 0.847
179 1.150 0.138 0.707
53 1.214 0.231 1.222
129 1.192 0.214 1.081
101 1.164 0.173 0.846
179 1.155 0.143 0.706
53 1.211 0.223 1.221
129 1.195 0.204 1.080
101 1.171 0.169 0.845
179 1.162 0.143 0.704
53 1.202 0.218 1.221
129 1.191 0.198 1.080
101 1.175 0.162 0.844
179 1.169 0.137 0.704
53 1.191 0.216 1.222
129 1.186 0.194 1.080
101 1.176 0.156 0.844
179 1.174 0.131 0.703
53 1.179 0.217 1.222
129 1.179 0.193 1.080
101 1.176 0.152 0.844
179 1.176 0.127 0.704
53 1.167 0.218 1.223
129 1.171 0.193 1.081
101 1.173 0.151 0.845
179 1.175 0.125 0.704
53 1.153 0.219 1.223
129 1.161 0.195 1.082
101 1.169 0.152 0.845
179 1.172 0.126 0.704
53 1.145 0.213 1.222
129 1.151 0.194 1.080
101 1.161 0.155 0.845
179 1.166 0.129 0.704
53 1.144 0.208 1.220
129 1.143 0.190 1.079
101 1.150 0.155 0.845
179 1.157 0.131 0.704
53 1.147 0.208 1.219
129 1.139 0.189 1.078
101 1.140 0.153 0.844
179 1.147 0.130 0.704
53 1.154 0.211 1.219
129 1.137 0.192 1.078
101 1.130 0.153 0.844
179 1.136 0.128 0.704
53 1.166 0.215 1.219
129 1.142 0.196 1.078
101 1.124 0.154 0.844
179 1.128 0.126 0.705
53 1.182 0.216 1.219
129 1.154 0.199 1.078
101 1.126 0.158 0.844
179 1.124 0.128 0.705
53 1.201 0.215 1.220
129 1.171 0.200 1.079
101 1.135 0.161 0.844
179 1.127 0.132 0.705
53 1.211 0.207 1.220
129 1.186 0.197 1.078
101 1.151 0.165 0.844
179 1.139 0.137 0.704
53 1.209 0.198 1.220
129 1.191 0.188 1.078
101 1.164 0.161 0.842
179 1.153 0.137 0.702
53 1.202 0.195 1.219
129 1.191 0.183 1.077
101 1.172 0.157 0.842
179 1.165 0.135 0.701
53 1.194 0.194 1.220
129 1.189 0.182 1.077
101 1.177 0.155 0.841
179 1.172 0.134 0.700
53 1.185 0.195 1.220
129 1.185 0.183 1.077
101 1.180 0.155 0.841
179 1.177 0.134 0.700
53 1.175 0.199 1.220
129 1.181 0.186 1.078
101 1.180 0.158 0.841
179 1.178 0.136 0.699
53 1.165 0.203 1.221
129 1.175 0.191 1.078
101 1.179 0.162 0.840
179 1.178 0.140 0.699
53 1.159 0.204 1.220
129 1.169 0.198 1.077
101 1.175 0.170 0.840
179 1.176 0.146 0.699
53 1.161 0.205 1.219
129 1.165 0.202 1.076
101 1.169 0.176 0.840
179 1.171 0.153 0.699
53 1.167 0.209 1.217
129 1.164 0.207 1.075
101 1.163 0.182 0.839
179 1.164 0.158 0.698
53 1.175 0.215 1.217
129 1.164 0.214 1.074
101 1.157 0.188 0.839
179 1.158 0.162 0.698
53 1.184 0.219 1.216
129 1.167 0.220 1.074
101 1.152 0.193 0.839
179 1.152 0.166 0.698
53 1.196 0.221 1.217
129 1.173 0.223 1.074
101 1.149 0.196 0.839
179 1.147 0.168 0.699
53 1.212 0.218 1.217
129 1.184 0.220 1.075
101 1.152 0.197 0.839
179 1.146 0.169 0.699
53 1.222 0.207 1.218
129 1.198 0.214 1.075
101 1.162 0.196 0.838
179 1.152 0.169 0.698
53 1.222 0.198 1.218
129 1.206 0.204 1.075
101 1.175 0.189 0.837
179 1.163 0.166 0.697
53 1.216 0.195 1.218
129 1.206 0.199 1.074
101 1.184 0.184 0.837
179 1.173 0.162 0.696
53 1.207 0.194 1.218
129 1.204 0.198 1.074
101 1.189 0.183 0.836
179 1.180 0.162 0.695
53 1.198 0.195 1.218
129 1.200 0.200 1.074
101 1.192 0.185 0.836
179 1.185 0.164 0.695
53 1.187 0.199 1.219
129 1.195 0.204 1.075
101 1.193 0.191 0.836
179 1.188 0.169 0.694
53 1.174 0.203 1.220
129 1.188 0.211 1.076
101 1.193 0.198 0.836
179 1.189 0.176 0.694
53 1.163 0.202 1.220
129 1.177 0.217 1.076
101 1.189 0.208 0.837
179 1.189 0.184 0.694
53 1.161 0.202 1.219
129 1.168 0.218 1.076
101 1.181 0.213 0.837
179 1.185 0.190 0.695
53 1.165 0.203 1.218
129 1.165 0.220 1.076
101 1.174 0.217 0.837
179 1.180 0.193 0.696
53 1.175 0.203 1.217
129 1.168 0.221 1.075
101 1.169 0.218 0.837
179 1.175 0.194 0.696
53 1.189 0.199 1.217
129 1.176 0.217 1.075
101 1.168 0.216 0.837
179 1.171 0.193 0.696
53 1.206 0.195 1.218
129 1.188 0.211 1.075
101 1.171 0.211 0.837
179 1.169 0.189 0.696
53 1.223 0.191 1.218
129 1.202 0.205 1.076
101 1.177 0.205 0.837
179 1.170 0.185 0.696
53 1.235 0.181 1.219
129 1.216 0.199 1.076
101 1.187 0.202 0.837
179 1.175 0.182 0.695
53 1.235 0.174 1.219
129 1.224 0.190 1.076
101 1.199 0.195 0.836
179 1.185 0.179 0.694
53 1.230 0.173 1.219
129 1.225 0.189 1.076
101 1.207 0.193 0.836
179 1.194 0.177 0.693
53 1.221 0.174 1.220
129 1.223 0.191 1.076
101 1.213 0.195 0.835
179 1.202 0.180 0.693
53 1.209 0.176 1.220
129 1.217 0.194 1.076
101 1.216 0.201 0.836
179 1.208 0.185 0.693
53 1.194 0.178 1.221
129 1.209 0.198 1.077
101 1.216 0.207 0.836
179 1.212 0.192 0.693
53 1.177 0.180 1.221
129 1.196 0.200 1.078
101 1.214 0.212 0.837
179 1.214 0.196 0.693
53 1.163 0.172 1.220
129 1.179 0.198 1.079
101 1.204 0.215 0.838
179 1.212 0.199 0.694
53 1.159 0.167 1.219
129 1.167 0.191 1.078
101 1.190 0.209 0.840
179 1.203 0.197 0.696
53 1.164 0.166 1.218
129 1.164 0.189 1.077
101 1.180 0.205 0.839
179 1.192 0.194 0.696
53 1.174 0.164 1.218
129 1.166 0.187 1.077
101 1.173 0.203 0.839
179 1.183 0.191 0.696
53 1.187 0.160 1.218
129 1.174 0.183 1.076
101 1.169 0.201 0.839
179 1.175 0.190 0.696
53 1.203 0.157 1.218
129 1.185 0.179 1.076
101 1.169 0.198 0.839
179 1.170 0.188 0.696
53 1.220 0.155 1.218
129 1.198 0.175 1.077
101 1.173 0.193 0.839
179 1.169 0.184 0.696
53 1.232 0.145 1.219
129 1.213 0.170 1.077
101 1.184 0.190 0.838
179 1.173 0.181 0.696
53 1.233 0.140 1.220
129 1.222 0.163 1.077
101 1.197 0.182 0.838
179 1.184 0.176 0.695
53 1.227 0.141 1.220
129 1.223 0.163 1.077
101 1.206 0.180 0.837
179 1.195 0.174 0.694
53 1.218 0.143 1.220
129 1.220 0.167 1.077
101 1.212 0.185 0.837
179 1.203 0.178 0.694
53 1.205 0.144 1.221
129 1.213 0.170 1.078
101 1.214 0.192 0.838
179 1.209 0.185 0.694
53 1.190 0.146 1.221
129 1.203 0.173 1.079
101 1.214 0.198 0.838
179 1.213 0.192 0.694
53 1.172 0.146 1.221
129 1.189 0.174 1.079
101 1.209 0.201 0.839
179 1.214 0.195 0.694
53 1.157 0.136 1.220
129 1.172 0.169 1.079
101 1.199 0.200 0.841
179 1.210 0.195 0.696
53 1.155 0.129 1.219
129 1.161 0.158 1.079
101 1.183 0.189 0.842
179 1.198 0.188 0.697
53 1.161 0.126 1.218
129 1.158 0.154 1.078
101 1.171 0.182 0.841
179 1.185 0.181 0.698
53 1.171 0.123 1.218
129 1.161 0.151 1.077
101 1.164 0.179 0.841
179 1.174 0.177 0.698
53 1.184 0.120 1.218
129 1.169 0.147 1.077
101 1.160 0.177 0.841
179 1.166 0.177 0.698
53 1.200 0.118 1.218
129 1.180 0.144 1.077
101 1.161 0.174 0.841
179 1.161 0.175 0.698
53 1.217 0.116 1.218
129 1.193 0.141 1.078
101 1.166 0.170 0.841
179 1.161 0.171 0.698
53 1.230 0.106 1.220
129 1.209 0.135 1.078
101 1.178 0.166 0.841
179 1.167 0.167 0.697
53 1.231 0.102 1.220
129 1.219 0.128 1.078
101 1.193 0.157 0.840
179 1.180 0.161 0.697
53 1.224 0.103 1.220
129 1.220 0.130 1.078
101 1.203 0.157 0.840
179 1.192 0.159 0.696
53 1.215 0.105 1.220
129 1.216 0.134 1.079
101 1.208 0.163 0.840
179 1.200 0.164 0.696
53 1.202 0.107 1.221
129 1.209 0.138 1.079
101 1.210 0.172 0.840
179 1.206 0.173 0.696
53 1.186 0.109 1.221
129 1.198 0.141 1.080
101 1.209 0.178 0.841
179 1.209 0.181 0.696
53 1.168 0.109 1.221
129 1.183 0.142 1.080
101 1.203 0.180 0.842
179 1.209 0.183 0.697
53 1.153 0.097 1.221
129 1.166 0.135 1.081
101 1.191 0.177 0.843
179 1.203 0.181 0.698
53 1.151 0.089 1.219
129 1.155 0.122 1.080
101 1.175 0.163 0.844
179 1.190 0.171 0.700
53 1.157 0.085 1.218
129 1.153 0.117 1.079
101 1.163 0.154 0.844
179 1.176 0.161 0.700
53 1.168 0.082 1.218
129 1.156 0.113 1.078
101 1.155 0.151 0.843
179 1.164 0.157 0.700
53 1.181 0.079 1.218
129 1.164 0.110 1.078
101 1.152 0.148 0.843
179 1.155 0.156 0.700
53 1.197 0.078 1.218
129 1.175 0.107 1.078
101 1.152 0.145 0.843
179 1.151 0.154 0.700
53 1.214 0.076 1.219
129 1.189 0.104 1.079
101 1.159 0.140 0.843
179 1.152 0.149 0.700
53 1.227 0.066 1.220
129 1.205 0.098 1.079
101 1.172 0.136 0.843
179 1.160 0.144 0.700
53 1.227 0.062 1.220
129 1.214 0.091 1.080
101 1.188 0.127 0.842
179 1.174 0.137 0.699
53 1.221 0.063 1.220
129 1.215 0.093 1.079
101 1.198 0.127 0.842
179 1.187 0.136 0.699
53 1.210 0.066 1.221
129 1.211 0.098 1.080
101 1.202 0.135 0.842
179 1.194 0.142 0.699
53 1.197 0.068 1.221
129 1.203 0.103 1.080
101 1.203 0.145 0.843
179 1.199 0.154 0.699
53 1.181 0.070 1.221
129 1.191 0.106 1.081
101 1.200 0.152 0.843
179 1.201 0.163 0.699
53 1.162 0.071 1.221
129 1.176 0.107 1.081
101 1.193 0.154 0.844
179 1.199 0.166 0.700
53 1.148 0.058 1.221
129 1.158 0.099 1.082
101 1.180 0.151 0.846
179 1.192 0.163 0.701
53 1.146 0.049 1.219
129 1.147 0.086 1.081
101 1.164 0.135 0.847
179 1.178 0.150 0.703
53 1.152 0.044 1.219
129 1.146 0.079 1.080
101 1.152 0.124 0.846
179 1.164 0.138 0.703
53 1.164 0.040 1.218
129 1.150 0.074 1.079
101 1.145 0.118 0.845
179 1.152 0.132 0.703
53 1.177 0.037 1.218
129 1.158 0.070 1.079
101 1.142 0.115 0.845
179 1.143 0.129 0.703
53 1.193 0.036 1.219
129 1.169 0.067 1.079
101 1.143 0.111 0.845
179 1.140 0.126 0.703
53 1.210 0.034 1.219
129 1.183 0.064 1.080
101 1.150 0.105 0.845
179 1.142 0.120 0.703
53 1.223 0.024 1.220
129 1.199 0.058 1.080
101 1.164 0.101 0.845
179 1.151 0.115 0.703
53 1.223 0.020 1.221
129 1.208 0.052 1.081
101 1.181 0.092 0.845
179 1.166 0.108 0.702
53 1.215 0.022 1.221
129 1.208 0.054 1.080
101 1.189 0.093 0.845
179 1.178 0.106 0.702
53 1.204 0.024 1.221
129 1.202 0.059 1.081
101 1.192 0.102 0.845
179 1.185 0.114 0.702
53 1.190 0.027 1.221
129 1.193 0.064 1.081
101 1.192 0.112 0.845
179 1.188 0.127 0.702
53 1.174 0.029 1.221
129 1.181 0.068 1.081
101 1.187 0.121 0.845
179 1.188 0.138 0.702
53 1.155 0.031 1.221
129 1.165 0.070 1.082
101 1.179 0.125 0.846
179 1.184 0.143 0.703
53 1.140 0.017 1.221
129 1.148 0.062 1.082
101 1.165 0.122 0.848
179 1.177 0.141 0.705
53 1.139 0.008 1.220
129 1.137 0.048 1.082
101 1.149 0.104 0.849
179 1.162 0.126 0.706
53 1.147 0.002 1.219
129 1.137 0.039 1.081
101 1.138 0.091 0.848
179 1.149 0.111 0.706
53 1.159 -0.003 1.219
129 1.143 0.032 1.080
101 1.133 0.083 0.848
179 1.138 0.102 0.706
53 1.173 -0.006 1.219
129 1.152 0.027 1.080
101 1.131 0.077 0.847
179 1.130 0.096 0.705
53 1.188 -0.008 1.219
129 1.163 0.024 1.080
101 1.133 0.071 0.847
179 1.127 0.091 0.705
53 1.205 -0.009 1.219
129 1.177 0.021 1.081
101 1.141 0.065 0.847
179 1.130 0.085 0.705
53 1.218 -0.020 1.221
129 1.192 0.015 1.081
101 1.155 0.061 0.847
179 1.140 0.079 0.705
53 1.216 -0.023 1.221
129 1.200 0.009 1.082
101 1.171 0.053 0.847
179 1.156 0.072 0.705
53 1.208 -0.021 1.221
129 1.198 0.013 1.081
101 1.178 0.055 0.847
179 1.166 0.071 0.704
53 1.196 -0.018 1.221
129 1.191 0.018 1.082
101 1.179 0.064 0.847
179 1.171 0.079 0.704
53 1.181 -0.016 1.221
129 1.181 0.023 1.082
101 1.176 0.074 0.847
179 1.171 0.092 0.705
53 1.164 -0.013 1.221
129 1.168 0.027 1.082
101 1.169 0.084 0.847
179 1.168 0.105 0.705
53 1.145 -0.011 1.221
129 1.151 0.031 1.082
101 1.159 0.090 0.848
179 1.163 0.112 0.705
53 1.131 -0.025 1.221
129 1.133 0.023 1.083
101 1.144 0.090 0.850
179 1.154 0.114 0.707
53 1.130 -0.034 1.220
129 1.124 0.008 1.083
101 1.129 0.071 0.851
179 1.140 0.098 0.709
53 1.139 -0.041 1.219
129 1.125 -0.002 1.082
101 1.121 0.056 0.850
179 1.129 0.080 0.709
53 1.153 -0.047 1.219
129 1.134 -0.011 1.081
101 1.118 0.043 0.849
179 1.120 0.067 0.708
53 1.168 -0.051 1.219
129 1.144 -0.017 1.081
101 1.119 0.034 0.849
179 1.116 0.056 0.708
53 1.184 -0.054 1.219
129 1.156 -0.022 1.081
101 1.123 0.026 0.849
179 1.115 0.048 0.707
53 1.200 -0.055 1.220
129 1.170 -0.026 1.081
101 1.130 0.019 0.849
179 1.118 0.041 0.707
53 1.211 -0.065 1.221
129 1.184 -0.031 1.082
101 1.144 0.015 0.849
179 1.128 0.035 0.707
53 1.209 -0.069 1.221
129 1.190 -0.036 1.082
101 1.158 0.008 0.848
179 1.143 0.029 0.707
53 1.199 -0.066 1.221
129 1.186 -0.032 1.082
101 1.163 0.011 0.848
179 1.152 0.028 0.706
53 1.186 -0.064 1.221
129 1.178 -0.027 1.082
101 1.162 0.019 0.848
179 1.154 0.036 0.706
53 1.171 -0.061 1.221
129 1.167 -0.022 1.082
101 1.157 0.029 0.848
179 1.152 0.048 0.706
53 1.153 -0.058 1.221
129 1.152 -0.018 1.082
101 1.148 0.039 0.849
179 1.145 0.060 0.707
53 1.133 -0.056 1.221
129 1.135 -0.014 1.082
101 1.135 0.046 0.849
179 1.136 0.071 0.707
53 1.119 -0.069 1.221
129 1.116 -0.021 1.083
101 1.118 0.049 0.851
179 1.124 0.077 0.709
53 1.118 -0.078 1.220
129 1.106 -0.035 1.083
101 1.103 0.032 0.852
179 1.111 0.064 0.711
53 1.129 -0.086 1.220
129 1.110 -0.046 1.082
101 1.098 0.016 0.851
179 1.103 0.044 0.711
53 1.145 -0.093 1.220
129 1.122 -0.056 1.082
101 1.100 -0.000 0.851
179 1.100 0.026 0.710
53 1.163 -0.098 1.220
129 1.136 -0.065 1.082
101 1.107 -0.014 0.850
179 1.101 0.010 0.709
53 1.179 -0.101 1.220
129 1.150 -0.071 1.082
101 1.114 -0.025 0.850
179 1.105 -0.002 0.709
53 1.196 -0.104 1.220
129 1.164 -0.076 1.082
101 1.124 -0.033 0.850
179 1.111 -0.011 0.709
53 1.207 -0.113 1.221
129 1.178 -0.081 1.083
101 1.137 -0.036 0.850
179 1.121 -0.016 0.709
53 1.203 -0.116 1.221
129 1.183 -0.085 1.083
101 1.150 -0.042 0.849
179 1.135 -0.022 0.708
53 1.192 -0.114 1.221
129 1.178 -0.081 1.082
101 1.153 -0.039 0.849
179 1.142 -0.021 0.707
53 1.178 -0.112 1.221
129 1.168 -0.076 1.082
101 1.151 -0.031 0.848
179 1.143 -0.014 0.707
53 1.162 -0.109 1.221
129 1.156 -0.072 1.082
101 1.144 -0.023 0.849
179 1.138 -0.005 0.707
53 1.145 -0.107 1.221
129 1.141 -0.067 1.082
101 1.133 -0.015 0.849
179 1.129 0.005 0.707
53 1.125 -0.105 1.221
129 1.122 -0.064 1.082
101 1.118 -0.007 0.849
179 1.117 0.016 0.708
53 1.110 -0.118 1.221
129 1.103 -0.070 1.083
101 1.099 -0.002 0.851
179 1.101 0.025 0.709
53 1.100 -0.123 1.190
129 1.089 -0.080 1.056
101 1.082 -0.013 0.830
179 1.087 0.020 0.693
53 1.098 -0.126 1.189
129 1.078 -0.083 1.055
101 1.065 -0.016 0.830
179 1.071 0.016 0.693
53 1.108 -0.130 1.189
129 1.080 -0.089 1.055
101 1.055 -0.021 0.830
179 1.058 0.013 0.694
53 1.124 -0.134 1.189
129 1.092 -0.095 1.055
101 1.058 -0.031 0.830
179 1.055 0.003 0.693
53 1.143 -0.137 1.190
129 1.109 -0.101 1.056
101 1.069 -0.042 0.830
179 1.062 -0.009 0.693
53 1.162 -0.140 1.191
129 1.127 -0.107 1.056
101 1.083 -0.051 0.830
179 1.073 -0.019 0.693
53 1.180 -0.142 1.191
129 1.144 -0.110 1.057
101 1.096 -0.056 0.831
179 1.082 -0.026 0.694
53 1.182 -0.131 1.191
129 1.148 -0.105 1.056
101 1.104 -0.058 0.830
179 1.089 -0.030 0.692
53 1.168 -0.118 1.190
129 1.137 -0.089 1.055
101 1.096 -0.045 0.828
179 1.084 -0.021 0.691
53 1.148 -0.110 1.189
129 1.117 -0.076 1.054
101 1.076 -0.026 0.828
179 1.067 -0.001 0.691
53 1.124 -0.106 1.188
129 1.092 -0.068 1.054
101 1.054 -0.009 0.828
179 1.048 0.020 0.691
53 1.099 -0.104 1.188
129 1.069 -0.063 1.053
101 1.036 0.002 0.828
179 1.036 0.034 0.691
53 1.079 -0.103 1.187
129 1.051 -0.061 1.054
101 1.027 0.007 0.829
179 1.033 0.039 0.692
53 1.062 -0.102 1.187
129 1.038 -0.060 1.054
101 1.022 0.008 0.829
179 1.032 0.039 0.691
53 1.051 -0.094 1.186
129 1.024 -0.055 1.053
101 1.014 0.009 0.828
179 1.027 0.037 0.691
53 1.064 -0.094 1.186
129 1.028 -0.054 1.053
101 1.004 0.014 0.829
179 1.017 0.041 0.692
53 1.088 -0.096 1.187
129 1.051 -0.060 1.053
101 1.014 0.005 0.828
179 1.018 0.036 0.691
53 1.112 -0.098 1.188
129 1.074 -0.064 1.054
101 1.033 -0.005 0.828
179 1.032 0.026 0.691
53 1.133 -0.100 1.189
129 1.094 -0.067 1.055
101 1.052 -0.011 0.828
179 1.047 0.018 0.691
53 1.152 -0.101 1.189
129 1.112 -0.069 1.055
101 1.065 -0.014 0.829
179 1.056 0.015 0.691
53 1.169 -0.100 1.190
129 1.128 -0.069 1.056
101 1.076 -0.015 0.830
179 1.062 0.014 0.692
53 1.170 -0.087 1.190
129 1.131 -0.061 1.056
101 1.083 -0.015 0.829
179 1.069 0.012 0.691
53 1.156 -0.074 1.189
129 1.119 -0.045 1.055
101 1.076 -0.000 0.828
179 1.065 0.021 0.690
53 1.135 -0.067 1.188
129 1.099 -0.033 1.054
101 1.058 0.018 0.828
179 1.050 0.040 0.690
53 1.111 -0.064 1.188
129 1.076 -0.026 1.054
101 1.038 0.032 0.828
179 1.035 0.058 0.690
53 1.089 -0.062 1.187
129 1.055 -0.022 1.054
101 1.024 0.040 0.828
179 1.027 0.068 0.690
53 1.070 -0.062 1.187
129 1.039 -0.021 1.054
101 1.017 0.043 0.828
179 1.025 0.069 0.690
53 1.053 -0.061 1.186
129 1.026 -0.020 1.053
101 1.011 0.044 0.828
179 1.024 0.068 0.690
53 1.041 -0.053 1.185
129 1.011 -0.015 1.052
101 1.000 0.046 0.828
179 1.017 0.068 0.689
53 1.057 -0.053 1.185
129 1.017 -0.014 1.052
101 0.992 0.050 0.828
179 1.007 0.072 0.690
53 1.084 -0.054 1.187
129 1.044 -0.020 1.053
101 1.006 0.040 0.827
179 1.011 0.065 0.689
53 1.108 -0.055 1.187
129 1.068 -0.023 1.053
101 1.028 0.031 0.827
179 1.027 0.055 0.688
53 1.128 -0.057 1.188
129 1.088 -0.025 1.054
101 1.045 0.026 0.827
179 1.041 0.049 0.688
53 1.147 -0.057 1.189
129 1.106 -0.026 1.055
101 1.058 0.025 0.828
179 1.048 0.048 0.689
53 1.165 -0.056 1.190
129 1.121 -0.025 1.056
101 1.067 0.024 0.828
179 1.053 0.049 0.689
53 1.165 -0.042 1.190
129 1.125 -0.017 1.056
101 1.077 0.025 0.828
179 1.062 0.047 0.689
53 1.152 -0.029 1.189
129 1.114 0.000 1.055
101 1.070 0.040 0.827
179 1.060 0.056 0.688
53 1.132 -0.021 1.188
129 1.095 0.013 1.054
101 1.053 0.059 0.827
179 1.046 0.074 0.688
53 1.109 -0.017 1.188
129 1.073 0.021 1.054
101 1.035 0.074 0.827
179 1.032 0.092 0.688
53 1.087 -0.015 1.187
129 1.053 0.024 1.054
101 1.022 0.081 0.827
179 1.026 0.100 0.688
53 1.068 -0.016 1.187
129 1.037 0.024 1.054
101 1.015 0.082 0.827
179 1.025 0.100 0.688
53 1.050 -0.016 1.186
129 1.022 0.025 1.053
101 1.009 0.082 0.827
179 1.023 0.099 0.687
53 1.037 -0.008 1.185
129 1.006 0.029 1.052
101 0.998 0.084 0.827
179 1.016 0.099 0.687
53 1.054 -0.008 1.185
129 1.013 0.029 1.052
101 0.990 0.087 0.826
179 1.005 0.102 0.687
53 1.082 -0.009 1.186
129 1.041 0.024 1.053
101 1.005 0.077 0.825
179 1.011 0.094 0.686
53 1.106 -0.010 1.187
129 1.066 0.021 1.053
101 1.026 0.068 0.825
179 1.026 0.084 0.685
53 1.127 -0.011 1.188
129 1.086 0.019 1.054
101 1.043 0.064 0.825
179 1.039 0.079 0.685
53 1.146 -0.011 1.189
129 1.103 0.019 1.055
101 1.054 0.064 0.826
179 1.044 0.080 0.686
53 1.163 -0.010 1.190
129 1.119 0.020 1.056
101 1.065 0.064 0.827
179 1.050 0.082 0.686
53 1.164 0.004 1.189
129 1.123 0.029 1.056
101 1.075 0.065 0.827
179 1.061 0.080 0.686
53 1.151 0.019 1.189
129 1.113 0.048 1.055
101 1.070 0.080 0.826
179 1.060 0.089 0.686
53 1.131 0.027 1.188
129 1.095 0.062 1.054
101 1.054 0.101 0.826
179 1.047 0.108 0.686
53 1.110 0.032 1.188
129 1.074 0.070 1.054
101 1.037 0.116 0.825
179 1.034 0.124 0.685
53 1.089 0.033 1.187
129 1.055 0.073 1.054
101 1.026 0.122 0.825
179 1.030 0.131 0.685
53 1.070 0.032 1.187
129 1.039 0.071 1.053
101 1.019 0.121 0.825
179 1.030 0.130 0.684
53 1.050 0.031 1.186
129 1.022 0.071 1.053
101 1.012 0.120 0.825
179 1.027 0.128 0.684
53 1.036 0.039 1.185
129 1.005 0.075 1.052
101 0.999 0.122 0.825
179 1.018 0.128 0.683
53 1.053 0.038 1.185
129 1.013 0.074 1.052
101 0.991 0.124 0.824
179 1.007 0.130 0.684
53 1.082 0.036 1.186
129 1.041 0.068 1.052
101 1.007 0.113 0.823
179 1.012 0.122 0.682
53 1.105 0.036 1.187
129 1.066 0.065 1.053
101 1.027 0.103 0.823
179 1.028 0.111 0.682
53 1.126 0.035 1.188
129 1.085 0.064 1.053
101 1.043 0.100 0.823
179 1.038 0.107 0.682
53 1.145 0.036 1.189
129 1.103 0.065 1.054
101 1.054 0.101 0.823
179 1.043 0.109 0.682
53 1.163 0.036 1.190
129 1.119 0.066 1.055
101 1.065 0.102 0.824
179 1.050 0.112 0.683
53 1.164 0.051 1.189
129 1.123 0.075 1.055
101 1.077 0.103 0.824
179 1.062 0.112 0.683
53 1.151 0.066 1.189
129 1.114 0.094 1.054
101 1.073 0.119 0.824
179 1.063 0.121 0.683
53 1.133 0.076 1.188
129 1.096 0.110 1.054
101 1.058 0.140 0.823
179 1.052 0.139 0.682
53 1.112 0.081 1.188
129 1.078 0.118 1.053
101 1.043 0.155 0.823
179 1.041 0.154 0.682
53 1.092 0.081 1.187
129 1.060 0.119 1.053
101 1.033 0.159 0.823
179 1.037 0.159 0.682
53 1.072 0.079 1.186
129 1.043 0.117 1.053
101 1.026 0.156 0.823
179 1.036 0.156 0.681
53 1.051 0.079 1.186
129 1.024 0.116 1.052
101 1.017 0.155 0.822
179 1.032 0.154 0.680
53 1.036 0.086 1.184
129 1.006 0.120 1.051
101 1.003 0.155 0.822
179 1.022 0.154 0.680
53 1.053 0.084 1.185
129 1.013 0.118 1.051
101 0.994 0.156 0.821
179 1.011 0.155 0.680
53 1.081 0.081 1.186
129 1.041 0.110 1.051
101 1.008 0.144 0.820
179 1.015 0.146 0.679
53 1.105 0.080 1.186
129 1.065 0.107 1.052
101 1.028 0.135 0.820
179 1.029 0.135 0.678
53 1.125 0.080 1.187
129 1.085 0.106 1.052
101 1.043 0.131 0.820
179 1.039 0.131 0.679
53 1.144 0.080 1.188
129 1.102 0.106 1.053
101 1.054 0.133 0.820
179 1.044 0.135 0.679
53 1.163 0.080 1.189
129 1.119 0.107 1.054
101 1.066 0.135 0.821
179 1.051 0.139 0.680
53 1.163 0.095 1.189
129 1.124 0.116 1.054
101 1.080 0.137 0.822
179 1.065 0.139 0.679
53 1.151 0.111 1.188
129 1.114 0.136 1.053
101 1.078 0.153 0.821
179 1.068 0.149 0.679
53 1.133 0.121 1.188
129 1.098 0.152 1.053
101 1.064 0.174 0.821
179 1.058 0.166 0.679
53 1.113 0.126 1.187
129 1.080 0.161 1.052
101 1.049 0.188 0.820
179 1.048 0.180 0.679
53 1.093 0.126 1.186
129 1.062 0.162 1.052
101 1.039 0.191 0.820
179 1.044 0.183 0.678
53 1.072 0.124 1.186
129 1.044 0.159 1.051
101 1.031 0.187 0.819
179 1.042 0.179 0.677
53 1.051 0.123 1.185
129 1.025 0.158 1.051
101 1.021 0.185 0.819
179 1.037 0.177 0.677
53 1.036 0.130 1.184
129 1.006 0.160 1.050
101 1.006 0.184 0.818
179 1.027 0.176 0.676
53 1.053 0.127 1.184
129 1.013 0.157 1.049
101 0.997 0.183 0.818
179 1.014 0.175 0.677
53 1.080 0.123 1.185
129 1.040 0.148 1.049
101 1.010 0.171 0.816
179 1.017 0.166 0.675
53 1.103 0.122 1.186
129 1.064 0.144 1.050
101 1.029 0.161 0.816
179 1.031 0.155 0.675
53 1.124 0.121 1.186
129 1.084 0.143 1.051
101 1.044 0.158 0.817
179 1.040 0.152 0.675
53 1.143 0.121 1.187
129 1.101 0.143 1.051
101 1.055 0.160 0.817
179 1.045 0.156 0.676
53 1.161 0.121 1.188
129 1.118 0.144 1.052
101 1.068 0.164 0.818
179 1.053 0.161 0.676
53 1.162 0.135 1.188
129 1.124 0.153 1.053
101 1.083 0.167 0.818
179 1.068 0.164 0.676
53 1.149 0.152 1.187
129 1.114 0.173 1.052
101 1.082 0.181 0.818
179 1.073 0.172 0.676
53 1.131 0.162 1.187
129 1.098 0.189 1.051
101 1.069 0.201 0.817
179 1.065 0.188 0.676
53 1.112 0.167 1.186
129 1.080 0.198 1.050
101 1.054 0.215 0.817
179 1.055 0.201 0.675
53 1.091 0.168 1.185
129 1.061 0.200 1.050
101 1.043 0.218 0.816
179 1.050 0.203 0.674
53 1.071 0.166 1.185
129 1.044 0.197 1.049
101 1.034 0.213 0.816
179 1.047 0.199 0.674
53 1.049 0.165 1.184
129 1.025 0.195 1.048
101 1.024 0.209 0.815
179 1.041 0.195 0.673
53 1.034 0.171 1.183
129 1.006 0.195 1.048
101 1.009 0.206 0.815
179 1.030 0.193 0.673
53 1.051 0.167 1.183
129 1.012 0.191 1.047
101 0.999 0.204 0.814
179 1.017 0.191 0.673
53 1.078 0.162 1.184
129 1.039 0.182 1.047
101 1.010 0.193 0.813
179 1.019 0.182 0.672
53 1.100 0.160 1.184
129 1.062 0.177 1.048
101 1.028 0.183 0.813
179 1.031 0.171 0.672
53 1.121 0.159 1.185
129 1.082 0.175 1.049
101 1.044 0.180 0.813
179 1.041 0.169 0.672
53 1.141 0.158 1.186
129 1.100 0.175 1.049
101 1.056 0.183 0.814
179 1.047 0.174 0.673
53 1.159 0.158 1.187
129 1.118 0.176 1.050
101 1.070 0.188 0.815
179 1.056 0.180 0.673
53 1.161 0.172 1.187
129 1.124 0.185 1.051
101 1.085 0.192 0.815
179 1.071 0.184 0.673
53 1.147 0.188 1.186
129 1.115 0.204 1.050
101 1.086 0.205 0.815
179 1.077 0.192 0.672
53 1.129 0.199 1.185
129 1.097 0.220 1.049
101 1.074 0.223 0.814
179 1.072 0.206 0.672
53 1.109 0.205 1.185
129 1.078 0.230 1.048
101 1.058 0.237 0.813
179 1.062 0.218 0.672
53 1.088 0.206 1.184
129 1.060 0.233 1.047
101 1.046 0.239 0.813
179 1.055 0.220 0.671
53 1.068 0.205 1.183
129 1.042 0.230 1.046
101 1.036 0.235 0.812
179 1.050 0.215 0.670
53 1.046 0.203 1.182
129 1.023 0.227 1.046
101 1.026 0.229 0.811
179 1.043 0.210 0.670
53 1.032 0.207 1.181
129 1.005 0.225 1.045
101 1.011 0.223 0.811
179 1.032 0.206 0.669
53 1.049 0.203 1.181
129 1.010 0.220 1.044
101 1.000 0.219 0.810
179 1.018 0.202 0.670
53 1.075 0.197 1.182
129 1.036 0.210 1.044
101 1.010 0.210 0.809
179 1.019 0.194 0.669
53 1.097 0.195 1.183
129 1.060 0.206 1.045
101 1.028 0.202 0.809
179 1.030 0.185 0.669
53 1.118 0.193 1.184
129 1.080 0.203 1.046
101 1.044 0.199 0.810
179 1.041 0.183 0.669
53 1.138 0.191 1.185
129 1.099 0.203 1.047
101 1.058 0.203 0.811
179 1.049 0.189 0.670
53 1.158 0.191 1.186
129 1.117 0.204 1.048
101 1.072 0.209 0.812
179 1.059 0.197 0.670
53 1.160 0.205 1.186
129 1.125 0.213 1.048
101 1.087 0.213 0.812
179 1.074 0.201 0.670
53 1.146 0.220 1.185
129 1.116 0.230 1.047
101 1.090 0.225 0.811
179 1.082 0.208 0.669
53 1.127 0.231 1.184
129 1.099 0.246 1.046
101 1.080 0.240 0.811
179 1.078 0.221 0.669
53 1.106 0.238 1.183
129 1.078 0.257 1.045
101 1.064 0.253 0.810
179 1.068 0.231 0.668
53 1.084 0.241 1.182
129 1.058 0.260 1.044
101 1.049 0.257 0.809
179 1.059 0.233 0.668
53 1.064 0.240 1.181
129 1.039 0.258 1.043
101 1.037 0.252 0.808
179 1.052 0.229 0.667
53 1.043 0.237 1.181
129 1.021 0.254 1.043
101 1.027 0.245 0.807
179 1.044 0.223 0.666
53 1.030 0.239 1.179
129 1.004 0.249 1.042
101 1.012 0.237 0.807
179 1.033 0.216 0.666
53 1.046 0.235 1.180
129 1.009 0.243 1.041
101 1.001 0.231 0.807
179 1.020 0.211 0.667
53 1.072 0.229 1.181
129 1.034 0.235 1.042
101 1.009 0.223 0.806
179 1.019 0.203 0.667
53 1.095 0.226 1.182
129 1.058 0.230 1.043
101 1.027 0.217 0.806
179 1.030 0.196 0.666
53 1.116 0.223 1.182
129 1.080 0.227 1.044
101 1.045 0.216 0.807
179 1.042 0.196 0.667
53 1.137 0.222 1.183
129 1.100 0.227 1.045
101 1.060 0.220 0.808
179 1.052 0.203 0.667
53 1.157 0.222 1.184
129 1.118 0.230 1.045
101 1.075 0.227 0.809
179 1.063 0.211 0.668
53 1.160 0.235 1.185
129 1.127 0.237 1.046
101 1.091 0.232 0.809
179 1.078 0.216 0.667
53 1.147 0.249 1.183
129 1.120 0.253 1.045
101 1.095 0.242 0.808
179 1.087 0.223 0.667
53 1.127 0.259 1.182
129 1.103 0.267 1.044
101 1.087 0.255 0.808
179 1.086 0.233 0.666
53 1.105 0.266 1.181
129 1.081 0.277 1.042
101 1.072 0.265 0.807
179 1.077 0.241 0.665
53 1.082 0.271 1.180
129 1.059 0.282 1.041
101 1.055 0.270 0.806
179 1.066 0.244 0.665
53 1.061 0.271 1.179
129 1.039 0.282 1.040
101 1.040 0.266 0.805
179 1.055 0.240 0.664
53 1.040 0.268 1.178
129 1.020 0.277 1.039
101 1.028 0.259 0.804
179 1.046 0.234 0.663
53 1.029 0.268 1.177
129 1.005 0.270 1.039
101 1.013 0.249 0.804
179 1.034 0.226 0.663
53 1.045 0.264 1.178
129 1.010 0.264 1.038
101 1.003 0.242 0.804
179 1.022 0.219 0.665
53 1.071 0.258 1.179
129 1.035 0.257 1.039
101 1.011 0.235 0.804
179 1.021 0.212 0.664
53 1.094 0.255 1.180
129 1.059 0.253 1.040
101 1.029 0.232 0.804
179 1.032 0.208 0.664
53 1.116 0.252 1.181
129 1.082 0.250 1.041
101 1.048 0.232 0.805
179 1.045 0.209 0.665
53 1.137 0.251 1.182
129 1.102 0.251 1.042
101 1.064 0.237 0.806
179 1.057 0.216 0.665
53 1.157 0.252 1.183
129 1.121 0.254 1.043
101 1.080 0.244 0.807
179 1.069 0.224 0.666
53 1.162 0.263 1.183
129 1.132 0.261 1.044
101 1.096 0.249 0.807
179 1.084 0.230 0.665
53 1.150 0.275 1.182
129 1.127 0.274 1.043
101 1.103 0.258 0.806
179 1.094 0.235 0.664
53 1.132 0.284 1.181
129 1.111 0.284 1.041
101 1.097 0.267 0.805
179 1.095 0.243 0.663
53 1.110 0.290 1.179
129 1.091 0.293 1.040
101 1.084 0.275 0.803
179 1.087 0.250 0.662
53 1.086 0.295 1.178
129 1.067 0.298 1.038
101 1.067 0.279 0.802
179 1.076 0.252 0.662
53 1.063 0.297 1.177
129 1.045 0.300 1.037
101 1.049 0.278 0.802
179 1.063 0.250 0.661
53 1.041 0.296 1.176
129 1.024 0.297 1.036
101 1.034 0.273 0.801
179 1.051 0.245 0.660
53 1.030 0.296 1.175
129 1.008 0.290 1.036
101 1.018 0.263 0.801
179 1.038 0.237 0.661
53 1.026 0.297 1.145
129 1.001 0.288 1.008
101 1.006 0.256 0.780
179 1.027 0.230 0.644
53 1.037 0.295 1.145
129 1.000 0.288 1.008
101 0.992 0.256 0.780
179 1.012 0.228 0.645
53 1.060 0.295 1.147
129 1.020 0.290 1.009
101 0.993 0.258 0.781
179 1.005 0.228 0.645
53 1.083 0.295 1.148
129 1.044 0.292 1.011
101 1.008 0.261 0.781
179 1.013 0.228 0.645
53 1.106 0.295 1.149
129 1.066 0.292 1.012
101 1.027 0.265 0.782
179 1.027 0.233 0.646
53 1.126 0.295 1.151
129 1.086 0.295 1.014
101 1.043 0.272 0.783
179 1.038 0.241 0.647
53 1.146 0.297 1.152
129 1.104 0.299 1.015
101 1.056 0.281 0.784
179 1.048 0.251 0.647
53 1.154 0.295 1.152
129 1.116 0.304 1.015
101 1.070 0.290 0.783
179 1.060 0.259 0.646
53 1.141 0.301 1.151
129 1.110 0.310 1.014
101 1.075 0.295 0.782
179 1.067 0.265 0.645
53 1.117 0.310 1.149
129 1.087 0.321 1.012
101 1.062 0.302 0.781
179 1.062 0.268 0.644
53 1.093 0.317 1.148
129 1.061 0.330 1.011
101 1.040 0.307 0.780
179 1.047 0.272 0.643
53 1.071 0.319 1.146
129 1.038 0.332 1.010
101 1.019 0.307 0.779
179 1.031 0.271 0.643
53 1.049 0.318 1.145
129 1.017 0.328 1.009
101 1.004 0.299 0.778
179 1.019 0.263 0.642
53 1.026 0.315 1.144
129 0.996 0.321 1.008
101 0.990 0.289 0.777
179 1.009 0.255 0.641
53 1.023 0.295 1.144
129 0.987 0.307 1.007
101 0.976 0.283 0.777
179 0.997 0.251 0.641
53 1.039 0.276 1.145
129 0.999 0.285 1.008
101 0.975 0.270 0.777
179 0.991 0.242 0.641
53 1.061 0.268 1.146
129 1.019 0.274 1.009
101 0.986 0.258 0.777
179 0.996 0.231 0.642
53 1.083 0.266 1.147
129 1.041 0.272 1.010
101 1.000 0.256 0.778
179 1.002 0.228 0.642
53 1.103 0.269 1.148
129 1.060 0.275 1.012
101 1.013 0.263 0.779
179 1.009 0.235 0.642
53 1.124 0.272 1.150
129 1.080 0.281 1.013
101 1.028 0.273 0.780
179 1.019 0.245 0.643
53 1.146 0.274 1.151
129 1.102 0.285 1.014
101 1.048 0.280 0.781
179 1.034 0.253 0.643
53 1.157 0.269 1.151
129 1.118 0.287 1.014
101 1.069 0.287 0.781
179 1.053 0.262 0.643
53 1.146 0.274 1.150
129 1.116 0.292 1.014
101 1.078 0.293 0.780
179 1.065 0.268 0.641
53 1.124 0.286 1.149
129 1.094 0.308 1.012
101 1.065 0.305 0.779
179 1.061 0.276 0.641
53 1.103 0.294 1.148
129 1.072 0.319 1.011
101 1.045 0.315 0.779
179 1.046 0.283 0.640
53 1.082 0.294 1.147
129 1.052 0.319 1.010
101 1.027 0.313 0.778
179 1.033 0.281 0.640
53 1.061 0.292 1.146
129 1.032 0.314 1.009
101 1.014 0.304 0.777
179 1.024 0.271 0.639
53 1.038 0.290 1.145
129 1.010 0.310 1.008
101 0.999 0.296 0.776
179 1.014 0.264 0.638
53 1.033 0.270 1.145
129 0.999 0.295 1.008
101 0.984 0.292 0.776
179 1.000 0.263 0.639
53 1.046 0.249 1.145
129 1.008 0.270 1.008
101 0.982 0.276 0.776
179 0.996 0.253 0.639
53 1.065 0.241 1.146
129 1.025 0.257 1.009
101 0.992 0.261 0.777
179 1.000 0.240 0.639
53 1.086 0.239 1.147
129 1.045 0.254 1.011
101 1.003 0.257 0.777
179 1.004 0.236 0.640
53 1.107 0.242 1.148
129 1.064 0.258 1.012
101 1.016 0.262 0.778
179 1.009 0.241 0.640
53 1.128 0.245 1.150
129 1.084 0.263 1.013
101 1.032 0.269 0.779
179 1.020 0.249 0.641
53 1.151 0.246 1.151
129 1.107 0.265 1.015
101 1.053 0.274 0.780
179 1.037 0.255 0.641
53 1.164 0.241 1.152
129 1.125 0.266 1.015
101 1.075 0.281 0.781
179 1.057 0.263 0.641
53 1.154 0.245 1.151
129 1.125 0.271 1.015
101 1.087 0.286 0.780
179 1.071 0.270 0.640
53 1.134 0.257 1.150
129 1.106 0.287 1.014
101 1.077 0.301 0.780
179 1.068 0.280 0.640
53 1.114 0.263 1.149
129 1.086 0.297 1.013
101 1.059 0.312 0.779
179 1.056 0.288 0.639
53 1.094 0.263 1.148
129 1.067 0.297 1.012
101 1.044 0.311 0.778
179 1.045 0.286 0.639
53 1.072 0.261 1.147
129 1.047 0.293 1.011
101 1.030 0.303 0.778
179 1.037 0.278 0.638
53 1.049 0.260 1.146
129 1.025 0.291 1.010
101 1.015 0.298 0.777
179 1.026 0.273 0.638
53 1.043 0.239 1.146
129 1.014 0.276 1.010
101 1.000 0.295 0.777
179 1.013 0.272 0.638
53 1.053 0.219 1.146
129 1.019 0.250 1.011
101 0.997 0.275 0.778
179 1.008 0.261 0.638
53 1.071 0.211 1.147
129 1.033 0.236 1.011
101 1.003 0.258 0.778
179 1.011 0.247 0.639
53 1.091 0.210 1.148
129 1.051 0.233 1.012
101 1.011 0.253 0.779
179 1.012 0.243 0.639
53 1.111 0.213 1.149
129 1.070 0.237 1.013
101 1.022 0.256 0.779
179 1.015 0.246 0.640
53 1.133 0.216 1.150
129 1.091 0.241 1.014
101 1.039 0.261 0.781
179 1.027 0.250 0.641
53 1.156 0.217 1.152
129 1.114 0.243 1.016
101 1.061 0.265 0.782
179 1.044 0.255 0.641
53 1.170 0.210 1.153
129 1.133 0.242 1.017
101 1.084 0.270 0.783
179 1.063 0.261 0.641
53 1.161 0.214 1.152
129 1.134 0.247 1.016
101 1.097 0.274 0.782
179 1.079 0.267 0.640
53 1.143 0.224 1.151
129 1.118 0.262 1.016
101 1.090 0.291 0.782
179 1.079 0.279 0.640
53 1.124 0.229 1.151
129 1.100 0.271 1.015
101 1.075 0.303 0.781
179 1.069 0.289 0.640
53 1.103 0.229 1.150
129 1.081 0.270 1.014
101 1.060 0.302 0.781
179 1.059 0.287 0.640
53 1.081 0.227 1.149
129 1.060 0.266 1.014
101 1.046 0.295 0.781
179 1.050 0.279 0.639
53 1.058 0.226 1.148
129 1.038 0.265 1.013
101 1.030 0.292 0.780
179 1.039 0.275 0.639
53 1.051 0.205 1.148
129 1.025 0.249 1.013
101 1.014 0.288 0.781
179 1.026 0.275 0.640
53 1.059 0.186 1.148
129 1.028 0.224 1.013
101 1.010 0.265 0.781
179 1.020 0.261 0.640
53 1.076 0.179 1.148
129 1.040 0.211 1.013
101 1.013 0.246 0.782
179 1.020 0.245 0.641
53 1.096 0.177 1.149
129 1.057 0.207 1.014
101 1.018 0.241 0.782
179 1.019 0.241 0.642
53 1.116 0.180 1.150
129 1.075 0.211 1.015
101 1.028 0.243 0.782
179 1.022 0.243 0.642
53 1.138 0.183 1.151
129 1.096 0.214 1.016
101 1.046 0.246 0.783
179 1.033 0.245 0.643
53 1.161 0.183 1.153
129 1.120 0.215 1.018
101 1.068 0.248 0.785
179 1.050 0.248 0.643
53 1.176 0.176 1.154
129 1.140 0.215 1.019
101 1.090 0.254 0.786
179 1.070 0.254 0.644
53 1.168 0.181 1.154
129 1.142 0.219 1.019
101 1.105 0.257 0.785
179 1.087 0.259 0.643
53 1.150 0.189 1.153
129 1.128 0.233 1.018
101 1.100 0.274 0.785
179 1.088 0.271 0.643
53 1.131 0.193 1.152
129 1.110 0.240 1.018
101 1.086 0.286 0.785
179 1.079 0.282 0.643
53 1.110 0.193 1.152
129 1.090 0.239 1.017
101 1.072 0.286 0.785
179 1.070 0.280 0.643
53 1.088 0.190 1.151
129 1.069 0.235 1.017
101 1.057 0.279 0.785
179 1.060 0.273 0.643
53 1.064 0.189 1.150
129 1.046 0.234 1.016
101 1.039 0.276 0.785
179 1.048 0.270 0.642
53 1.056 0.168 1.150
129 1.033 0.217 1.016
101 1.023 0.272 0.785
179 1.034 0.269 0.643
53 1.064 0.151 1.150
129 1.035 0.193 1.016
101 1.017 0.246 0.786
179 1.028 0.252 0.644
53 1.080 0.144 1.150
129 1.046 0.181 1.016
101 1.019 0.227 0.786
179 1.025 0.235 0.645
53 1.099 0.143 1.150
129 1.061 0.178 1.016
101 1.023 0.222 0.786
179 1.023 0.230 0.645
53 1.119 0.145 1.151
129 1.079 0.181 1.017
101 1.033 0.224 0.786
179 1.026 0.232 0.645
53 1.141 0.147 1.152
129 1.101 0.183 1.018
101 1.050 0.225 0.787
179 1.038 0.233 0.646
53 1.164 0.148 1.154
129 1.124 0.184 1.020
101 1.072 0.227 0.788
179 1.055 0.235 0.647
53 1.179 0.139 1.155
129 1.144 0.183 1.021
101 1.095 0.232 0.789
179 1.074 0.240 0.647
53 1.171 0.144 1.155
129 1.146 0.187 1.021
101 1.111 0.234 0.789
179 1.092 0.244 0.647
53 1.155 0.151 1.155
129 1.133 0.199 1.021
101 1.106 0.251 0.789
179 1.093 0.257 0.647
53 1.135 0.155 1.154
129 1.116 0.205 1.020
101 1.093 0.263 0.789
179 1.085 0.269 0.647
53 1.113 0.154 1.153
129 1.095 0.205 1.020
101 1.078 0.262 0.789
179 1.076 0.267 0.647
53 1.091 0.151 1.153
129 1.074 0.201 1.020
101 1.062 0.256 0.789
179 1.065 0.260 0.647
53 1.067 0.150 1.152
129 1.051 0.199 1.019
101 1.044 0.254 0.789
179 1.052 0.257 0.647
53 1.059 0.129 1.152
129 1.037 0.182 1.019
101 1.026 0.249 0.790
179 1.038 0.256 0.648
53 1.066 0.113 1.151
129 1.038 0.159 1.019
101 1.021 0.221 0.790
179 1.030 0.235 0.649
53 1.083 0.107 1.151
129 1.049 0.148 1.018
101 1.022 0.202 0.790
179 1.027 0.217 0.649
53 1.102 0.106 1.152
129 1.065 0.146 1.019
101 1.026 0.198 0.790
179 1.024 0.213 0.649
53 1.121 0.109 1.152
129 1.082 0.149 1.019
101 1.036 0.199 0.790
179 1.028 0.214 0.649
53 1.143 0.110 1.154
129 1.104 0.150 1.021
101 1.054 0.200 0.791
179 1.041 0.215 0.650
53 1.166 0.110 1.155
129 1.127 0.151 1.022
101 1.076 0.201 0.792
179 1.058 0.216 0.651
53 1.181 0.101 1.157
129 1.148 0.149 1.023
101 1.098 0.205 0.793
179 1.077 0.221 0.651
53 1.174 0.106 1.157
129 1.150 0.153 1.023
101 1.114 0.207 0.793
179 1.095 0.223 0.651
53 1.157 0.111 1.156
129 1.137 0.163 1.023
101 1.110 0.223 0.793
179 1.097 0.237 0.651
53 1.137 0.115 1.156
129 1.118 0.169 1.023
101 1.096 0.235 0.793
179 1.088 0.250 0.651
53 1.115 0.114 1.155
129 1.097 0.168 1.023
101 1.080 0.235 0.794
179 1.077 0.249 0.652
53 1.092 0.111 1.154
129 1.075 0.164 1.022
101 1.063 0.228 0.794
179 1.066 0.242 0.652
53 1.069 0.110 1.154
129 1.052 0.162 1.022
101 1.044 0.226 0.794
179 1.052 0.238 0.652
53 1.059 0.088 1.154
129 1.038 0.145 1.022
101 1.027 0.220 0.794
179 1.037 0.236 0.653
53 1.067 0.074 1.153
129 1.039 0.123 1.021
101 1.021 0.192 0.794
179 1.029 0.213 0.653
53 1.084 0.068 1.153
129 1.051 0.113 1.021
101 1.023 0.174 0.794
179 1.026 0.195 0.653
53 1.103 0.068 1.153
129 1.067 0.111 1.021
101 1.028 0.170 0.793
179 1.025 0.190 0.653
53 1.123 0.070 1.154
129 1.084 0.114 1.022
101 1.038 0.172 0.794
179 1.029 0.192 0.654
53 1.145 0.071 1.155
129 1.106 0.115 1.023
101 1.057 0.173 0.795
179 1.043 0.193 0.654
53 1.168 0.072 1.157
129 1.129 0.116 1.024
101 1.078 0.174 0.796
179 1.060 0.194 0.655
53 1.183 0.062 1.158
129 1.150 0.113 1.026
101 1.101 0.177 0.797
179 1.079 0.198 0.656
53 1.175 0.066 1.158
129 1.152 0.116 1.026
101 1.117 0.177 0.797
179 1.097 0.199 0.655
53 1.159 0.071 1.158
129 1.139 0.125 1.026
101 1.112 0.192 0.797
179 1.098 0.212 0.656
53 1.138 0.074 1.157
129 1.120 0.131 1.025
101 1.098 0.204 0.798
179 1.088 0.225 0.656
53 1.115 0.074 1.157
129 1.097 0.131 1.025
101 1.080 0.204 0.798
179 1.076 0.225 0.657
53 1.092 0.070 1.156
129 1.075 0.126 1.025
101 1.062 0.197 0.798
179 1.063 0.218 0.657
53 1.068 0.069 1.155
129 1.052 0.124 1.024
101 1.042 0.194 0.798
179 1.049 0.214 0.657
53 1.059 0.047 1.155
129 1.037 0.106 1.024
101 1.024 0.188 0.799
179 1.034 0.212 0.658
53 1.067 0.034 1.154
129 1.038 0.086 1.023
101 1.019 0.160 0.799
179 1.026 0.187 0.658
53 1.084 0.029 1.154
129 1.051 0.077 1.023
101 1.022 0.144 0.798
179 1.024 0.169 0.658
53 1.104 0.028 1.154
129 1.068 0.075 1.023
101 1.029 0.140 0.797
179 1.024 0.165 0.658
53 1.124 0.031 1.155
129 1.086 0.078 1.024
101 1.040 0.142 0.798
179 1.030 0.167 0.658
53 1.146 0.032 1.157
129 1.107 0.079 1.025
101 1.058 0.143 0.798
179 1.044 0.168 0.659
53 1.168 0.033 1.158
129 1.130 0.080 1.026
101 1.080 0.144 0.800
179 1.062 0.169 0.659
53 1.183 0.023 1.160
129 1.151 0.076 1.028
101 1.103 0.146 0.801
179 1.080 0.173 0.660
53 1.176 0.026 1.160
129 1.153 0.079 1.028
101 1.118 0.145 0.801
179 1.099 0.171 0.660
53 1.159 0.030 1.159
129 1.140 0.086 1.028
101 1.113 0.159 0.801
179 1.099 0.183 0.660
53 1.138 0.032 1.159
129 1.120 0.091 1.028
101 1.097 0.170 0.801
179 1.087 0.197 0.661
53 1.114 0.032 1.158
129 1.096 0.092 1.027
101 1.078 0.171 0.802
179 1.073 0.198 0.661
53 1.091 0.029 1.157
129 1.073 0.087 1.027
101 1.058 0.164 0.802
179 1.059 0.192 0.662
53 1.067 0.027 1.157
129 1.050 0.084 1.026
101 1.038 0.160 0.802
179 1.044 0.186 0.662
53 1.058 0.005 1.156
129 1.036 0.066 1.026
101 1.021 0.153 0.802
179 1.028 0.183 0.663
53 1.065 -0.007 1.155
129 1.037 0.047 1.026
101 1.015 0.126 0.802
179 1.021 0.158 0.663
53 1.084 -0.012 1.155
129 1.051 0.039 1.025
101 1.020 0.111 0.802
179 1.021 0.141 0.663
53 1.104 -0.012 1.156
129 1.069 0.038 1.025
101 1.028 0.108 0.801
179 1.022 0.136 0.662
53 1.124 -0.009 1.157
129 1.087 0.041 1.026
101 1.041 0.110 0.801
179 1.030 0.139 0.662
53 1.146 -0.008 1.158
129 1.108 0.042 1.027
101 1.059 0.112 0.802
179 1.044 0.141 0.663
53 1.168 -0.006 1.159
129 1.130 0.044 1.029
101 1.080 0.113 0.803
179 1.062 0.142 0.664
53 1.183 -0.018 1.161
129 1.152 0.038 1.030
101 1.103 0.114 0.804
179 1.081 0.144 0.664
53 1.176 -0.015 1.161
129 1.153 0.040 1.030
101 1.118 0.112 0.805
179 1.099 0.141 0.664
53 1.159 -0.012 1.161
129 1.140 0.047 1.031
101 1.113 0.124 0.805
179 1.098 0.152 0.665
53 1.137 -0.010 1.160
129 1.119 0.051 1.030
101 1.096 0.134 0.805
179 1.085 0.165 0.665
53 1.112 -0.009 1.159
129 1.094 0.052 1.030
101 1.074 0.135 0.806
179 1.068 0.168 0.666
53 1.088 -0.013 1.159
129 1.070 0.047 1.029
101 1.053 0.129 0.806
179 1.053 0.162 0.667
53 1.064 -0.015 1.158
129 1.046 0.044 1.028
101 1.033 0.125 0.806
179 1.037 0.156 0.667
53 1.055 -0.038 1.158
129 1.033 0.025 1.028
101 1.016 0.116 0.806
179 1.022 0.152 0.667
53 1.063 -0.048 1.157
129 1.034 0.008 1.028
101 1.011 0.090 0.806
179 1.016 0.127 0.668
53 1.082 -0.053 1.157
129 1.049 -0.000 1.027
101 1.017 0.077 0.805
179 1.016 0.110 0.667
53 1.103 -0.052 1.157
129 1.068 -0.001 1.028
101 1.027 0.073 0.805
179 1.020 0.106 0.666
53 1.124 -0.050 1.158
129 1.087 0.002 1.028
101 1.041 0.076 0.805
179 1.029 0.108 0.666
53 1.145 -0.048 1.160
129 1.107 0.004 1.030
101 1.059 0.078 0.806
179 1.043 0.111 0.667
53 1.167 -0.046 1.161
129 1.130 0.006 1.031
101 1.080 0.080 0.807
179 1.061 0.112 0.668
53 1.182 -0.058 1.163
129 1.151 -0.000 1.033
101 1.102 0.080 0.808
179 1.080 0.114 0.669
53 1.174 -0.056 1.163
129 1.152 0.001 1.033
101 1.117 0.077 0.808
179 1.097 0.108 0.669
53 1.157 -0.054 1.163
129 1.138 0.006 1.033
101 1.111 0.087 0.809
179 1.096 0.118 0.669
53 1.135 -0.052 1.162
129 1.117 0.010 1.033
101 1.093 0.096 0.809
179 1.081 0.131 0.670
53 1.110 -0.052 1.161
129 1.091 0.011 1.032
101 1.069 0.098 0.809
179 1.062 0.135 0.671
53 1.085 -0.055 1.160
129 1.065 0.007 1.031
101 1.047 0.093 0.809
179 1.045 0.130 0.671
53 1.061 -0.058 1.159
129 1.042 0.003 1.030
101 1.026 0.088 0.809
179 1.029 0.123 0.671
53 1.052 -0.080 1.159
129 1.029 -0.017 1.030
101 1.010 0.078 0.809
179 1.015 0.118 0.672
53 1.049 -0.085 1.128
129 1.025 -0.027 1.003
101 1.005 0.057 0.788
179 1.009 0.096 0.654
53 1.055 -0.089 1.128
129 1.023 -0.030 1.002
101 0.995 0.059 0.787
179 0.999 0.098 0.654
53 1.072 -0.088 1.128
129 1.035 -0.030 1.003
101 0.995 0.058 0.787
179 0.994 0.100 0.654
53 1.094 -0.087 1.129
129 1.056 -0.030 1.004
101 1.011 0.056 0.788
179 1.005 0.097 0.654
53 1.118 -0.086 1.131
129 1.080 -0.030 1.005
101 1.033 0.054 0.788
179 1.021 0.095 0.654
53 1.139 -0.083 1.132
129 1.101 -0.027 1.006
101 1.051 0.058 0.789
179 1.034 0.098 0.655
53 1.159 -0.080 1.134
129 1.119 -0.023 1.008
101 1.065 0.062 0.791
179 1.045 0.103 0.656
53 1.161 -0.058 1.133
129 1.124 -0.004 1.007
101 1.075 0.072 0.790
179 1.056 0.108 0.655
53 1.153 -0.048 1.133
129 1.120 0.013 1.007
101 1.072 0.098 0.790
179 1.052 0.132 0.655
53 1.134 -0.045 1.133
129 1.104 0.020 1.007
101 1.063 0.111 0.790
179 1.047 0.150 0.655
53 1.111 -0.047 1.132
129 1.084 0.018 1.007
101 1.051 0.111 0.791
179 1.042 0.151 0.656
53 1.089 -0.050 1.131
129 1.063 0.014 1.006
101 1.035 0.108 0.791
179 1.032 0.148 0.656
53 1.066 -0.050 1.130
129 1.040 0.015 1.005
101 1.015 0.109 0.790
179 1.016 0.149 0.656
53 1.043 -0.049 1.129
129 1.017 0.016 1.005
101 0.995 0.111 0.790
179 1.001 0.150 0.656
53 1.027 -0.037 1.127
129 0.996 0.024 1.003
101 0.976 0.114 0.790
179 0.989 0.149 0.655
53 1.042 -0.040 1.128
129 1.003 0.020 1.003
101 0.970 0.117 0.790
179 0.980 0.155 0.655
53 1.069 -0.042 1.129
129 1.030 0.016 1.004
101 0.989 0.105 0.789
179 0.992 0.143 0.654
53 1.094 -0.042 1.130
129 1.055 0.016 1.005
101 1.013 0.102 0.789
179 1.009 0.139 0.654
53 1.114 -0.038 1.131
129 1.075 0.020 1.006
101 1.029 0.108 0.790
179 1.020 0.146 0.654
53 1.134 -0.035 1.132
129 1.094 0.025 1.007
101 1.044 0.114 0.791
179 1.031 0.153 0.655
53 1.155 -0.034 1.134
129 1.115 0.025 1.009
101 1.062 0.113 0.792
179 1.045 0.152 0.656
53 1.159 -0.013 1.133
129 1.121 0.042 1.008
101 1.075 0.120 0.792
179 1.058 0.152 0.655
53 1.150 -0.001 1.133
129 1.116 0.061 1.008
101 1.070 0.148 0.791
179 1.053 0.177 0.654
53 1.130 0.002 1.133
129 1.100 0.069 1.008
101 1.061 0.162 0.791
179 1.047 0.195 0.654
53 1.108 -0.001 1.132
129 1.080 0.065 1.008
101 1.050 0.158 0.792
179 1.044 0.192 0.655
53 1.086 -0.004 1.131
129 1.059 0.060 1.007
101 1.034 0.153 0.792
179 1.035 0.187 0.655
53 1.063 -0.003 1.130
129 1.035 0.062 1.006
101 1.013 0.156 0.791
179 1.019 0.188 0.654
53 1.040 -0.003 1.129
129 1.012 0.063 1.005
101 0.994 0.157 0.791
179 1.004 0.189 0.654
53 1.024 0.009 1.128
129 0.992 0.071 1.004
101 0.977 0.159 0.790
179 0.993 0.186 0.653
53 1.040 0.005 1.128
129 1.001 0.066 1.004
101 0.973 0.161 0.790
179 0.986 0.189 0.653
53 1.068 0.003 1.129
129 1.029 0.061 1.004
101 0.992 0.149 0.789
179 0.997 0.179 0.652
53 1.093 0.004 1.130
129 1.054 0.062 1.005
101 1.014 0.147 0.789
179 1.013 0.176 0.651
53 1.114 0.008 1.131
129 1.075 0.067 1.006
101 1.031 0.154 0.789
179 1.025 0.185 0.651
53 1.134 0.011 1.132
129 1.094 0.071 1.007
101 1.047 0.159 0.790
179 1.036 0.191 0.652
53 1.157 0.011 1.134
129 1.117 0.071 1.009
101 1.067 0.158 0.791
179 1.052 0.189 0.653
53 1.160 0.033 1.134
129 1.124 0.089 1.009
101 1.080 0.165 0.791
179 1.064 0.189 0.652
53 1.151 0.045 1.133
129 1.118 0.110 1.008
101 1.075 0.194 0.790
179 1.060 0.215 0.651
53 1.131 0.049 1.133
129 1.102 0.116 1.008
101 1.067 0.206 0.790
179 1.055 0.230 0.650
53 1.110 0.045 1.132
129 1.082 0.111 1.008
101 1.055 0.200 0.790
179 1.052 0.225 0.651
53 1.087 0.042 1.131
129 1.060 0.107 1.007
101 1.039 0.196 0.790
179 1.042 0.220 0.651
53 1.063 0.043 1.130
129 1.036 0.109 1.006
101 1.018 0.198 0.790
179 1.026 0.221 0.650
53 1.040 0.043 1.130
129 1.013 0.109 1.006
101 0.999 0.199 0.789
179 1.012 0.221 0.650
53 1.025 0.055 1.128
129 0.994 0.117 1.004
101 0.983 0.199 0.789
179 1.001 0.216 0.649
53 1.041 0.051 1.128
129 1.002 0.112 1.004
101 0.978 0.201 0.788
179 0.994 0.219 0.649
53 1.069 0.049 1.129
129 1.030 0.107 1.004
101 0.996 0.190 0.787
179 1.003 0.210 0.648
53 1.093 0.051 1.130
129 1.055 0.109 1.005
101 1.018 0.188 0.786
179 1.019 0.208 0.647
53 1.115 0.054 1.131
129 1.077 0.113 1.006
101 1.035 0.195 0.787
179 1.031 0.217 0.647
53 1.136 0.057 1.132
129 1.097 0.117 1.007
101 1.052 0.200 0.788
179 1.043 0.223 0.647
53 1.159 0.057 1.134
129 1.120 0.117 1.009
101 1.072 0.199 0.789
179 1.058 0.222 0.648
53 1.163 0.079 1.134
129 1.127 0.136 1.008
101 1.086 0.205 0.788
179 1.071 0.222 0.647
53 1.153 0.092 1.134
129 1.122 0.156 1.008
101 1.082 0.234 0.787
179 1.068 0.245 0.646
53 1.134 0.094 1.133
129 1.106 0.161 1.008
101 1.073 0.245 0.787
179 1.064 0.259 0.646
53 1.112 0.091 1.132
129 1.085 0.156 1.008
101 1.062 0.239 0.787
179 1.060 0.252 0.646
53 1.088 0.088 1.131
129 1.062 0.152 1.007
101 1.045 0.234 0.787
179 1.050 0.248 0.646
53 1.063 0.089 1.130
129 1.037 0.154 1.006
101 1.023 0.237 0.787
179 1.034 0.249 0.646
53 1.041 0.089 1.130
129 1.015 0.155 1.005
101 1.004 0.237 0.786
179 1.020 0.248 0.645
53 1.026 0.101 1.128
129 0.996 0.162 1.004
101 0.989 0.235 0.785
179 1.009 0.242 0.644
53 1.042 0.097 1.128
129 1.004 0.158 1.004
101 0.984 0.237 0.785
179 1.002 0.245 0.644
53 1.070 0.095 1.129
129 1.032 0.152 1.004
101 1.001 0.227 0.783
179 1.010 0.237 0.643
53 1.095 0.096 1.130
129 1.057 0.154 1.004
101 1.022 0.225 0.783
179 1.025 0.235 0.642
53 1.117 0.099 1.131
129 1.079 0.158 1.005
101 1.040 0.232 0.783
179 1.036 0.244 0.642
53 1.138 0.102 1.132
129 1.100 0.162 1.006
101 1.057 0.237 0.784
179 1.049 0.250 0.642
53 1.161 0.102 1.134
129 1.122 0.161 1.008
101 1.077 0.235 0.785
179 1.064 0.249 0.643
53 1.165 0.124 1.134
129 1.130 0.180 1.008
101 1.091 0.241 0.784
179 1.077 0.249 0.642
53 1.155 0.137 1.133
129 1.125 0.201 1.007
101 1.087 0.268 0.783
179 1.075 0.271 0.641
53 1.136 0.139 1.133
129 1.109 0.205 1.007
101 1.078 0.279 0.783
179 1.071 0.283 0.640
53 1.113 0.136 1.132
129 1.087 0.200 1.006
101 1.066 0.273 0.783
179 1.067 0.276 0.641
53 1.088 0.133 1.131
129 1.064 0.196 1.006
101 1.049 0.268 0.783
179 1.057 0.272 0.640
53 1.064 0.134 1.130
129 1.039 0.198 1.005
101 1.028 0.270 0.782
179 1.041 0.273 0.640
53 1.041 0.135 1.129
129 1.017 0.199 1.004
101 1.010 0.270 0.782
179 1.027 0.271 0.640
53 1.027 0.147 1.128
129 0.998 0.206 1.003
101 0.995 0.268 0.781
179 1.017 0.266 0.639
53 1.043 0.142 1.128
129 1.006 0.201 1.002
101 0.990 0.270 0.780
179 1.009 0.268 0.638
53 1.071 0.140 1.128
129 1.033 0.196 1.002
101 1.006 0.259 0.778
179 1.016 0.261 0.637
53 1.096 0.142 1.129
129 1.059 0.197 1.003
101 1.026 0.257 0.778
179 1.030 0.258 0.636
53 1.118 0.144 1.130
129 1.081 0.201 1.004
101 1.043 0.264 0.778
179 1.041 0.267 0.636
53 1.139 0.147 1.132
129 1.102 0.204 1.005
101 1.060 0.269 0.778
179 1.053 0.273 0.637
53 1.161 0.146 1.133
129 1.124 0.203 1.006
101 1.080 0.267 0.779
179 1.068 0.273 0.637
53 1.166 0.168 1.133
129 1.132 0.221 1.006
101 1.094 0.272 0.779
179 1.082 0.273 0.636
53 1.156 0.181 1.133
129 1.126 0.242 1.005
101 1.091 0.298 0.778
179 1.081 0.292 0.635
53 1.136 0.183 1.132
129 1.110 0.246 1.005
101 1.082 0.309 0.777
179 1.076 0.304 0.635
53 1.113 0.180 1.131
129 1.088 0.241 1.004
101 1.070 0.303 0.777
179 1.072 0.297 0.635
53 1.088 0.178 1.130
129 1.064 0.238 1.004
101 1.053 0.298 0.777
179 1.062 0.292 0.635
53 1.064 0.179 1.129
129 1.039 0.240 1.003
101 1.032 0.299 0.777
179 1.047 0.293 0.634
53 1.042 0.179 1.129
129 1.018 0.241 1.002
101 1.015 0.299 0.776
179 1.033 0.292 0.634
53 1.027 0.192 1.127
129 0.999 0.247 1.001
101 1.000 0.296 0.775
179 1.023 0.286 0.633
53 1.043 0.187 1.127
129 1.007 0.243 1.000
101 0.995 0.298 0.774
179 1.015 0.288 0.633
53 1.071 0.184 1.128
129 1.034 0.237 1.000
101 1.010 0.288 0.772
179 1.021 0.281 0.631
53 1.096 0.186 1.129
129 1.059 0.238 1.000
101 1.029 0.285 0.772
179 1.034 0.278 0.631
53 1.118 0.188 1.130
129 1.082 0.241 1.001
101 1.046 0.292 0.772
179 1.045 0.286 0.631
53 1.139 0.190 1.131
129 1.102 0.244 1.003
101 1.063 0.297 0.773
179 1.057 0.293 0.631
53 1.161 0.189 1.132
129 1.124 0.243 1.004
101 1.081 0.296 0.774
179 1.071 0.294 0.631
53 1.165 0.210 1.132
129 1.132 0.260 1.003
101 1.096 0.299 0.773
179 1.085 0.293 0.630
53 1.156 0.224 1.132
129 1.126 0.281 1.003
101 1.094 0.323 0.772
179 1.085 0.309 0.630
53 1.135 0.226 1.131
129 1.109 0.285 1.002
101 1.084 0.334 0.772
179 1.081 0.321 0.629
53 1.111 0.223 1.130
129 1.087 0.281 1.002
101 1.072 0.329 0.772
179 1.076 0.316 0.629
53 1.087 0.221 1.129
129 1.063 0.278 1.001
101 1.056 0.323 0.771
179 1.066 0.310 0.629
53 1.063 0.222 1.128
129 1.039 0.279 1.000
101 1.036 0.324 0.770
179 1.051 0.310 0.628
53 1.040 0.223 1.127
129 1.017 0.280 0.999
101 1.019 0.324 0.770
179 1.038 0.309 0.628
53 1.026 0.235 1.126
129 1.000 0.287 0.998
101 1.005 0.321 0.769
179 1.028 0.305 0.627
53 1.043 0.230 1.126
129 1.008 0.282 0.997
101 0.999 0.322 0.768
179 1.019 0.305 0.627
53 1.070 0.227 1.126
129 1.034 0.275 0.997
101 1.013 0.313 0.766
179 1.025 0.299 0.626
53 1.095 0.228 1.127
129 1.059 0.276 0.997
101 1.031 0.310 0.766
179 1.037 0.295 0.625
53 1.117 0.230 1.128
129 1.081 0.279 0.998
101 1.047 0.315 0.766
179 1.048 0.303 0.625
53 1.138 0.231 1.130
129 1.101 0.281 0.999
101 1.063 0.321 0.767
179 1.059 0.310 0.625
53 1.159 0.230 1.131
129 1.122 0.279 1.001
101 1.082 0.321 0.768
179 1.073 0.311 0.626
53 1.163 0.251 1.131
129 1.131 0.295 1.000
101 1.097 0.322 0.767
179 1.087 0.310 0.625
53 1.153 0.264 1.131
129 1.125 0.316 0.999
101 1.095 0.344 0.766
179 1.088 0.324 0.624
53 1.133 0.267 1.130
129 1.107 0.321 0.999
101 1.085 0.356 0.766
179 1.084 0.336 0.623
53 1.109 0.265 1.129
129 1.085 0.318 0.998
101 1.073 0.352 0.765
179 1.079 0.332 0.623
53 1.085 0.262 1.128
129 1.062 0.314 0.998
101 1.057 0.346 0.765
179 1.069 0.326 0.623
53 1.061 0.263 1.127
129 1.038 0.315 0.996
101 1.039 0.345 0.764
179 1.055 0.325 0.622
53 1.038 0.264 1.126
129 1.017 0.316 0.996
101 1.022 0.345 0.763
179 1.042 0.324 0.622
53 1.024 0.276 1.124
129 0.999 0.322 0.994
101 1.008 0.343 0.762
179 1.031 0.320 0.621
53 1.041 0.271 1.124
129 1.007 0.318 0.993
101 1.002 0.343 0.761
179 1.023 0.321 0.621
53 1.068 0.268 1.125
129 1.032 0.310 0.993
101 1.014 0.334 0.760
179 1.028 0.314 0.620
53 1.092 0.269 1.126
129 1.057 0.310 0.994
101 1.032 0.330 0.760
179 1.039 0.311 0.620
53 1.114 0.270 1.127
129 1.079 0.313 0.994
101 1.048 0.336 0.760
179 1.050 0.318 0.620
53 1.135 0.270 1.128
129 1.099 0.315 0.996
101 1.063 0.343 0.761
179 1.061 0.325 0.620
53 1.156 0.269 1.129
129 1.120 0.313 0.997
101 1.081 0.343 0.762
179 1.074 0.327 0.620
53 1.160 0.289 1.129
129 1.129 0.327 0.997
101 1.097 0.343 0.761
179 1.088 0.325 0.619
53 1.150 0.303 1.129
129 1.122 0.347 0.995
101 1.096 0.362 0.760
179 1.091 0.337 0.618
53 1.129 0.306 1.128
129 1.105 0.354 0.995
101 1.086 0.375 0.759
179 1.086 0.349 0.618
53 1.105 0.305 1.127
129 1.082 0.352 0.994
101 1.073 0.372 0.759
179 1.081 0.346 0.618
53 1.081 0.302 1.126
129 1.059 0.347 0.993
101 1.059 0.365 0.759
179 1.071 0.340 0.617
53 1.058 0.302 1.125
129 1.037 0.347 0.992
101 1.041 0.363 0.758
179 1.058 0.338 0.616
53 1.035 0.304 1.124
129 1.015 0.349 0.991
101 1.025 0.363 0.757
179 1.045 0.337 0.616
53 1.021 0.315 1.122
129 0.998 0.354 0.990
101 1.010 0.361 0.756
179 1.034 0.334 0.615
53 1.038 0.310 1.122
129 1.005 0.351 0.989
101 1.004 0.360 0.755
179 1.025 0.334 0.616
53 1.064 0.306 1.123
129 1.030 0.342 0.989
101 1.015 0.352 0.754
179 1.029 0.327 0.615
53 1.089 0.306 1.124
129 1.054 0.341 0.989
101 1.032 0.348 0.754
179 1.041 0.324 0.614
53 1.111 0.307 1.125
129 1.076 0.343 0.990
101 1.048 0.354 0.754
179 1.051 0.331 0.614
53 1.131 0.308 1.126
129 1.095 0.346 0.991
101 1.063 0.361 0.755
179 1.062 0.338 0.615
53 1.152 0.306 1.127
129 1.116 0.344 0.992
101 1.080 0.362 0.756
179 1.075 0.340 0.615
53 1.157 0.325 1.127
129 1.126 0.355 0.992
101 1.096 0.362 0.755
179 1.089 0.339 0.614
53 1.146 0.338 1.126
129 1.120 0.375 0.991
101 1.097 0.377 0.754
179 1.093 0.348 0.613
53 1.125 0.342 1.125
129 1.102 0.383 0.990
101 1.087 0.390 0.753
179 1.089 0.360 0.613
53 1.101 0.342 1.124
129 1.079 0.382 0.989
101 1.074 0.389 0.753
179 1.082 0.358 0.612
53 1.077 0.339 1.123
129 1.057 0.378 0.989
101 1.060 0.382 0.752
179 1.073 0.352 0.612
53 1.054 0.339 1.122
129 1.035 0.376 0.987
101 1.043 0.379 0.751
179 1.060 0.349 0.611
53 1.032 0.340 1.121
129 1.014 0.377 0.986
101 1.027 0.378 0.750
179 1.047 0.348 0.610
53 1.018 0.351 1.119
129 0.997 0.382 0.985
101 1.012 0.376 0.749
179 1.036 0.345 0.610
53 1.034 0.347 1.119
129 1.002 0.380 0.984
101 1.005 0.376 0.749
179 1.027 0.345 0.610
53 1.060 0.342 1.120
129 1.027 0.371 0.984
101 1.015 0.368 0.748
179 1.030 0.339 0.610
53 1.084 0.341 1.121
129 1.051 0.368 0.984
101 1.032 0.364 0.748
179 1.042 0.335 0.609
53 1.106 0.341 1.122
129 1.072 0.370 0.985
101 1.048 0.370 0.748
179 1.052 0.342 0.610
53 1.126 0.342 1.123
129 1.092 0.373 0.986
101 1.062 0.377 0.749
179 1.063 0.349 0.610
53 1.148 0.341 1.125
129 1.113 0.372 0.988
101 1.079 0.379 0.750
179 1.075 0.352 0.611
53 1.152 0.357 1.125
129 1.123 0.381 0.988
101 1.095 0.378 0.750
179 1.089 0.350 0.610
53 1.141 0.371 1.124
129 1.117 0.398 0.986
101 1.097 0.390 0.749
179 1.094 0.358 0.609
53 1.120 0.376 1.123
129 1.099 0.408 0.985
101 1.087 0.403 0.748
179 1.090 0.368 0.608
53 1.096 0.376 1.121
129 1.076 0.409 0.984
101 1.074 0.403 0.747
179 1.084 0.368 0.607
53 1.073 0.374 1.120
129 1.055 0.404 0.983
101 1.060 0.397 0.746
179 1.074 0.363 0.607
53 1.050 0.373 1.119
129 1.034 0.402 0.982
101 1.044 0.392 0.745
179 1.061 0.359 0.606
53 1.028 0.374 1.118
129 1.013 0.402 0.981
101 1.029 0.391 0.744
179 1.049 0.357 0.605
53 1.014 0.384 1.116
129 0.995 0.406 0.979
101 1.014 0.389 0.744
179 1.038 0.355 0.605
53 1.013 0.391 1.085
129 0.990 0.415 0.951
101 1.004 0.393 0.722
179 1.029 0.356 0.587
53 1.027 0.387 1.086
129 0.995 0.416 0.951
101 0.999 0.401 0.722
179 1.023 0.363 0.587
53 1.050 0.385 1.087
129 1.016 0.411 0.952
101 1.008 0.399 0.722
179 1.027 0.361 0.588
53 1.074 0.384 1.089
129 1.039 0.410 0.954
101 1.023 0.397 0.723
179 1.037 0.359 0.588
53 1.096 0.385 1.091
129 1.060 0.413 0.955
101 1.036 0.404 0.723
179 1.045 0.366 0.589
53 1.117 0.386 1.092
129 1.080 0.416 0.957
101 1.048 0.411 0.724
179 1.053 0.372 0.589
53 1.138 0.384 1.094
129 1.101 0.415 0.959
101 1.063 0.413 0.725
179 1.063 0.375 0.590
53 1.151 0.371 1.095
129 1.118 0.407 0.959
101 1.079 0.413 0.725
179 1.074 0.376 0.589
53 1.139 0.376 1.094
129 1.116 0.410 0.959
101 1.088 0.413 0.724
179 1.083 0.377 0.588
53 1.117 0.384 1.092
129 1.094 0.424 0.958
101 1.078 0.425 0.723
179 1.080 0.385 0.587
53 1.093 0.387 1.091
129 1.070 0.428 0.957
101 1.060 0.432 0.723
179 1.069 0.391 0.587
53 1.069 0.386 1.090
129 1.048 0.426 0.956
101 1.045 0.427 0.722
179 1.059 0.386 0.586
53 1.047 0.385 1.089
129 1.026 0.423 0.955
101 1.031 0.421 0.721
179 1.048 0.381 0.585
53 1.024 0.387 1.088
129 1.005 0.425 0.954
101 1.016 0.421 0.721
179 1.037 0.381 0.584
53 1.021 0.362 1.087
129 0.998 0.406 0.954
101 1.005 0.418 0.721
179 1.028 0.382 0.585
53 1.032 0.350 1.087
129 1.003 0.388 0.954
101 1.005 0.401 0.721
179 1.028 0.370 0.585
53 1.053 0.349 1.088
129 1.019 0.384 0.954
101 1.009 0.396 0.722
179 1.028 0.366 0.586
53 1.076 0.352 1.089
129 1.041 0.388 0.955
101 1.017 0.402 0.722
179 1.030 0.371 0.586
53 1.101 0.354 1.091
129 1.065 0.391 0.957
101 1.033 0.407 0.722
179 1.039 0.375 0.586
53 1.125 0.353 1.093
129 1.090 0.391 0.958
101 1.053 0.407 0.723
179 1.053 0.377 0.586
53 1.146 0.352 1.094
129 1.111 0.390 0.960
101 1.071 0.409 0.725
179 1.067 0.380 0.587
53 1.159 0.338 1.095
129 1.128 0.383 0.961
101 1.088 0.411 0.725
179 1.078 0.384 0.587
53 1.147 0.343 1.094
129 1.126 0.386 0.960
101 1.099 0.409 0.724
179 1.089 0.383 0.585
53 1.125 0.350 1.093
129 1.106 0.397 0.960
101 1.088 0.421 0.724
179 1.086 0.390 0.585
53 1.101 0.351 1.092
129 1.082 0.400 0.959
101 1.070 0.427 0.724
179 1.074 0.395 0.585
53 1.077 0.350 1.091
129 1.058 0.397 0.958
101 1.054 0.421 0.724
179 1.063 0.389 0.584
53 1.054 0.349 1.090
129 1.036 0.395 0.957
101 1.037 0.416 0.723
179 1.051 0.385 0.584
53 1.031 0.351 1.089
129 1.014 0.398 0.956
101 1.022 0.416 0.723
179 1.040 0.385 0.584
53 1.029 0.325 1.088
129 1.008 0.376 0.956
101 1.012 0.410 0.723
179 1.032 0.384 0.584
53 1.040 0.314 1.088
129 1.013 0.358 0.956
101 1.011 0.390 0.723
179 1.031 0.370 0.585
53 1.060 0.313 1.089
129 1.028 0.356 0.956
101 1.014 0.386 0.724
179 1.030 0.367 0.585
53 1.084 0.316 1.090
129 1.050 0.360 0.957
101 1.023 0.393 0.724
179 1.032 0.373 0.585
53 1.109 0.318 1.092
129 1.075 0.362 0.958
101 1.041 0.394 0.725
179 1.043 0.374 0.586
53 1.132 0.317 1.093
129 1.099 0.361 0.960
101 1.062 0.394 0.726
179 1.058 0.375 0.586
53 1.153 0.317 1.095
129 1.120 0.362 0.962
101 1.080 0.397 0.727
179 1.071 0.379 0.587
53 1.167 0.302 1.096
129 1.138 0.353 0.963
101 1.097 0.397 0.727
179 1.083 0.382 0.587
53 1.155 0.306 1.095
129 1.135 0.355 0.962
101 1.108 0.393 0.727
179 1.096 0.379 0.586
53 1.133 0.312 1.094
129 1.116 0.365 0.962
101 1.098 0.405 0.727
179 1.092 0.387 0.586
53 1.109 0.313 1.093
129 1.092 0.368 0.961
101 1.080 0.412 0.727
179 1.080 0.393 0.586
53 1.085 0.311 1.092
129 1.068 0.364 0.960
101 1.062 0.405 0.727
179 1.068 0.385 0.586
53 1.062 0.311 1.091
129 1.045 0.363 0.959
101 1.044 0.401 0.727
179 1.056 0.381 0.586
53 1.039 0.313 1.090
129 1.023 0.365 0.959
101 1.028 0.402 0.727
179 1.044 0.381 0.586
53 1.036 0.286 1.090
129 1.016 0.342 0.959
101 1.017 0.394 0.727
179 1.036 0.380 0.586
53 1.047 0.276 1.089
129 1.021 0.325 0.958
101 1.016 0.371 0.728
179 1.034 0.363 0.587
53 1.067 0.276 1.090
129 1.036 0.324 0.959
101 1.018 0.369 0.728
179 1.031 0.361 0.588
53 1.090 0.279 1.091
129 1.057 0.329 0.959
101 1.028 0.375 0.728
179 1.034 0.367 0.588
53 1.115 0.280 1.093
129 1.082 0.330 0.961
101 1.047 0.376 0.729
179 1.046 0.367 0.588
53 1.139 0.279 1.094
129 1.107 0.329 0.962
101 1.069 0.375 0.730
179 1.062 0.368 0.589
53 1.160 0.280 1.096
129 1.128 0.330 0.964
101 1.087 0.378 0.731
179 1.075 0.372 0.590
53 1.173 0.264 1.097
129 1.146 0.320 0.965
101 1.105 0.378 0.732
179 1.089 0.374 0.590
53 1.162 0.268 1.096
129 1.143 0.321 0.965
101 1.117 0.371 0.732
179 1.102 0.369 0.589
53 1.140 0.272 1.095
129 1.124 0.330 0.964
101 1.106 0.385 0.732
179 1.097 0.379 0.589
53 1.116 0.274 1.094
129 1.100 0.334 0.964
101 1.087 0.392 0.732
179 1.085 0.384 0.589
53 1.092 0.272 1.093
129 1.076 0.329 0.963
101 1.068 0.385 0.732
179 1.072 0.376 0.590
53 1.068 0.271 1.092
129 1.052 0.328 0.962
101 1.049 0.381 0.732
179 1.058 0.372 0.590
53 1.045 0.273 1.091
129 1.029 0.330 0.962
101 1.031 0.382 0.732
179 1.046 0.372 0.590
53 1.041 0.247 1.091
129 1.021 0.307 0.962
101 1.020 0.373 0.733
179 1.037 0.369 0.591
53 1.052 0.237 1.091
129 1.027 0.290 0.961
101 1.019 0.348 0.733
179 1.035 0.350 0.591
53 1.072 0.237 1.091
129 1.041 0.290 0.961
101 1.021 0.346 0.733
179 1.031 0.348 0.592
53 1.095 0.241 1.092
129 1.062 0.295 0.962
101 1.031 0.353 0.733
179 1.034 0.355 0.592
53 1.120 0.241 1.094
129 1.088 0.295 0.964
101 1.052 0.353 0.734
179 1.048 0.354 0.592
53 1.143 0.241 1.096
129 1.113 0.295 0.965
101 1.074 0.352 0.735
179 1.065 0.355 0.593
53 1.165 0.242 1.097
129 1.133 0.297 0.967
101 1.092 0.356 0.736
179 1.079 0.359 0.594
53 1.178 0.226 1.098
129 1.152 0.286 0.968
101 1.111 0.354 0.737
179 1.093 0.361 0.594
53 1.166 0.228 1.098
129 1.149 0.286 0.968
101 1.123 0.346 0.737
179 1.106 0.353 0.594
53 1.145 0.232 1.097
129 1.130 0.294 0.967
101 1.112 0.360 0.737
179 1.101 0.364 0.594
53 1.121 0.234 1.096
129 1.105 0.298 0.967
101 1.091 0.367 0.738
179 1.088 0.371 0.595
53 1.096 0.231 1.095
129 1.080 0.293 0.966
101 1.071 0.360 0.738
179 1.074 0.362 0.595
53 1.072 0.230 1.094
129 1.056 0.291 0.965
101 1.051 0.356 0.738
179 1.059 0.357 0.595
53 1.048 0.232 1.093
129 1.033 0.293 0.965
101 1.032 0.358 0.738
179 1.046 0.358 0.595
53 1.044 0.206 1.093
129 1.024 0.270 0.965
101 1.021 0.347 0.739
179 1.037 0.354 0.596
53 1.055 0.197 1.093
129 1.030 0.254 0.965
101 1.019 0.321 0.739
179 1.033 0.332 0.597
53 1.075 0.197 1.093
129 1.045 0.254 0.964
101 1.022 0.320 0.738
179 1.030 0.331 0.597
53 1.098 0.201 1.094
129 1.066 0.259 0.965
101 1.033 0.327 0.738
179 1.034 0.338 0.597
53 1.123 0.202 1.096
129 1.091 0.260 0.967
101 1.055 0.327 0.739
179 1.049 0.337 0.598
53 1.146 0.201 1.097
129 1.116 0.259 0.968
101 1.077 0.326 0.740
179 1.067 0.338 0.598
53 1.168 0.203 1.099
129 1.137 0.262 0.970
101 1.096 0.330 0.742
179 1.081 0.342 0.599
53 1.181 0.186 1.100
129 1.155 0.250 0.971
101 1.115 0.328 0.742
179 1.095 0.343 0.600
53 1.169 0.188 1.100
129 1.152 0.250 0.971
101 1.126 0.318 0.743
179 1.109 0.334 0.600
53 1.148 0.191 1.099
129 1.133 0.256 0.971
101 1.115 0.331 0.743
179 1.104 0.345 0.600
53 1.123 0.193 1.098
129 1.108 0.260 0.970
101 1.093 0.339 0.743
179 1.088 0.352 0.601
53 1.098 0.190 1.097
129 1.082 0.255 0.969
101 1.071 0.332 0.744
179 1.073 0.344 0.601
53 1.074 0.188 1.096
129 1.058 0.253 0.969
101 1.050 0.327 0.744
179 1.057 0.339 0.602
53 1.050 0.190 1.095
129 1.034 0.255 0.968
101 1.031 0.329 0.744
179 1.043 0.339 0.602
53 1.045 0.165 1.095
129 1.026 0.232 0.969
101 1.019 0.318 0.745
179 1.034 0.334 0.603
53 1.057 0.156 1.094
129 1.032 0.216 0.968
101 1.018 0.291 0.744
179 1.030 0.311 0.603
53 1.077 0.157 1.095
129 1.047 0.217 0.968
101 1.022 0.291 0.744
179 1.028 0.309 0.603
53 1.100 0.161 1.096
129 1.068 0.222 0.968
101 1.034 0.298 0.744
179 1.032 0.317 0.603
53 1.124 0.161 1.097
129 1.093 0.223 0.970
101 1.056 0.298 0.745
179 1.049 0.317 0.604
53 1.148 0.161 1.099
129 1.118 0.222 0.972
101 1.079 0.297 0.746
179 1.067 0.317 0.605
53 1.169 0.163 1.101
129 1.139 0.225 0.973
101 1.098 0.301 0.747
179 1.082 0.321 0.606
53 1.182 0.146 1.102
129 1.157 0.213 0.975
101 1.117 0.298 0.748
179 1.096 0.322 0.606
53 1.171 0.147 1.102
129 1.154 0.212 0.975
101 1.128 0.288 0.749
179 1.110 0.311 0.606
53 1.149 0.150 1.101
129 1.134 0.218 0.974
101 1.115 0.301 0.749
179 1.104 0.322 0.607
53 1.124 0.152 1.100
129 1.108 0.221 0.973
101 1.093 0.308 0.749
179 1.087 0.330 0.608
53 1.099 0.148 1.099
129 1.083 0.217 0.973
101 1.070 0.301 0.750
179 1.071 0.322 0.608
53 1.075 0.146 1.098
129 1.058 0.213 0.972
101 1.048 0.296 0.750
179 1.053 0.316 0.609
53 1.051 0.147 1.097
129 1.034 0.215 0.972
101 1.028 0.298 0.750
179 1.039 0.317 0.609
53 1.045 0.123 1.097
129 1.025 0.193 0.972
101 1.016 0.286 0.750
179 1.029 0.312 0.610
53 1.057 0.115 1.096
129 1.032 0.178 0.971
101 1.016 0.260 0.750
179 1.026 0.286 0.610
53 1.078 0.115 1.097
129 1.048 0.178 0.971
101 1.021 0.260 0.750
179 1.025 0.285 0.610
53 1.100 0.120 1.098
129 1.069 0.184 0.972
101 1.034 0.267 0.750
179 1.030 0.293 0.610
53 1.125 0.120 1.099
129 1.094 0.185 0.973
101 1.056 0.268 0.751
179 1.048 0.293 0.610
53 1.148 0.120 1.101
129 1.119 0.185 0.975
101 1.080 0.267 0.752
179 1.067 0.293 0.611
53 1.170 0.122 1.103
129 1.140 0.188 0.976
101 1.099 0.270 0.753
179 1.082 0.297 0.612
53 1.182 0.105 1.104
129 1.158 0.175 0.978
101 1.118 0.267 0.754
179 1.097 0.297 0.613
53 1.170 0.106 1.104
129 1.154 0.174 0.978
101 1.127 0.257 0.755
179 1.110 0.285 0.613
53 1.148 0.108 1.103
129 1.133 0.178 0.978
101 1.114 0.268 0.755
179 1.103 0.296 0.614
53 1.123 0.110 1.102
129 1.107 0.182 0.977
101 1.091 0.275 0.755
179 1.085 0.305 0.615
53 1.098 0.107 1.101
129 1.081 0.177 0.976
101 1.067 0.269 0.756
179 1.066 0.297 0.615
53 1.074 0.104 1.100
129 1.057 0.174 0.976
101 1.044 0.263 0.755
179 1.049 0.290 0.616
53 1.050 0.105 1.099
129 1.033 0.175 0.975
101 1.025 0.265 0.755
179 1.034 0.291 0.616
53 1.044 0.081 1.099
129 1.024 0.153 0.975
101 1.013 0.253 0.756
179 1.024 0.286 0.617
53 1.057 0.073 1.099
129 1.031 0.139 0.974
101 1.013 0.228 0.756
179 1.021 0.260 0.617
53 1.078 0.074 1.099
129 1.048 0.139 0.974
101 1.020 0.227 0.755
179 1.021 0.258 0.616
53 1.101 0.079 1.100
129 1.070 0.146 0.975
101 1.033 0.235 0.755
179 1.028 0.266 0.616
53 1.124 0.079 1.102
129 1.094 0.147 0.977
101 1.056 0.236 0.756
179 1.046 0.267 0.617
53 1.148 0.080 1.103
129 1.118 0.147 0.978
101 1.080 0.235 0.758
179 1.066 0.267 0.618
53 1.170 0.082 1.105
129 1.140 0.149 0.980
101 1.099 0.238 0.759
179 1.081 0.270 0.619
53 1.182 0.065 1.107
129 1.158 0.137 0.982
101 1.118 0.234 0.760
179 1.096 0.270 0.620
53 1.169 0.064 1.106
129 1.153 0.135 0.981
101 1.126 0.224 0.760
179 1.109 0.257 0.620
53 1.147 0.066 1.105
129 1.132 0.139 0.981
101 1.112 0.234 0.761
179 1.101 0.268 0.621
53 1.121 0.068 1.104
129 1.105 0.142 0.980
101 1.087 0.241 0.761
179 1.081 0.276 0.622
53 1.096 0.064 1.103
129 1.079 0.138 0.980
101 1.063 0.235 0.761
179 1.061 0.270 0.622
53 1.072 0.062 1.102
129 1.054 0.134 0.979
101 1.040 0.229 0.761
179 1.043 0.262 0.623
53 1.049 0.062 1.102
129 1.031 0.134 0.978
101 1.020 0.230 0.761
179 1.027 0.262 0.623
53 1.043 0.039 1.101
129 1.022 0.113 0.978
101 1.008 0.218 0.762
179 1.017 0.258 0.623
53 1.055 0.031 1.101
129 1.029 0.100 0.978
101 1.009 0.195 0.761
179 1.016 0.231 0.624
53 1.077 0.032 1.101
129 1.048 0.100 0.978
101 1.018 0.193 0.761
179 1.017 0.228 0.623
53 1.100 0.037 1.102
129 1.069 0.106 0.979
101 1.032 0.201 0.761
179 1.025 0.237 0.623
53 1.123 0.038 1.104
129 1.093 0.108 0.980
101 1.054 0.203 0.762
179 1.044 0.239 0.624
53 1.147 0.039 1.105
129 1.117 0.108 0.982
101 1.078 0.202 0.763
179 1.064 0.239 0.625
53 1.169 0.041 1.107
129 1.139 0.111 0.983
101 1.097 0.205 0.765
179 1.079 0.241 0.626
53 1.181 0.024 1.109
129 1.156 0.098 0.985
101 1.116 0.200 0.766
179 1.094 0.241 0.626
53 1.168 0.023 1.108
129 1.151 0.096 0.985
101 1.124 0.191 0.766
179 1.106 0.227 0.627
53 1.145 0.024 1.107
129 1.129 0.098 0.985
101 1.109 0.199 0.767
179 1.097 0.237 0.628
53 1.119 0.026 1.106
129 1.102 0.102 0.984
101 1.083 0.206 0.767
179 1.076 0.246 0.629
53 1.094 0.022 1.105
129 1.076 0.098 0.983
101 1.058 0.200 0.767
179 1.055 0.240 0.629
53 1.069 0.019 1.104
129 1.051 0.093 0.982
101 1.035 0.194 0.767
179 1.036 0.232 0.629
53 1.046 0.019 1.104
129 1.028 0.094 0.982
101 1.015 0.195 0.766
179 1.021 0.232 0.629
53 1.040 -0.003 1.103
129 1.019 0.073 0.982
101 1.003 0.183 0.767
179 1.011 0.227 0.630
53 1.053 -0.010 1.103
129 1.026 0.061 0.981
101 1.005 0.160 0.767
179 1.010 0.201 0.630
53 1.076 -0.009 1.103
129 1.046 0.061 0.981
101 1.015 0.158 0.766
179 1.013 0.198 0.629
53 1.099 -0.005 1.104
129 1.068 0.067 0.982
101 1.030 0.166 0.766
179 1.022 0.206 0.629
53 1.121 -0.003 1.106
129 1.091 0.069 0.983
101 1.052 0.168 0.767
179 1.040 0.209 0.630
53 1.145 -0.002 1.108
129 1.115 0.069 0.985
101 1.076 0.168 0.769
179 1.061 0.209 0.631
53 1.167 -0.000 1.109
129 1.137 0.071 0.987
101 1.095 0.170 0.770
179 1.077 0.211 0.632
53 1.178 -0.017 1.111
129 1.154 0.059 0.989
101 1.114 0.165 0.772
179 1.091 0.210 0.633
53 1.165 -0.019 1.111
129 1.147 0.056 0.989
101 1.120 0.156 0.772
179 1.103 0.196 0.634
53 1.142 -0.018 1.110
129 1.126 0.058 0.989
101 1.105 0.163 0.773
179 1.093 0.205 0.635
53 1.116 -0.017 1.109
129 1.099 0.061 0.987
101 1.078 0.169 0.773
179 1.070 0.214 0.636
53 1.090 -0.020 1.108
129 1.072 0.058 0.987
101 1.052 0.165 0.773
179 1.048 0.209 0.636
53 1.066 -0.023 1.106
129 1.047 0.053 0.986
101 1.029 0.158 0.772
179 1.029 0.201 0.636
53 1.043 -0.024 1.106
129 1.025 0.053 0.985
101 1.010 0.158 0.772
179 1.014 0.200 0.636
53 1.037 -0.045 1.105
129 1.016 0.032 0.985
101 0.998 0.146 0.772
179 1.003 0.195 0.636
53 1.040 -0.048 1.076
129 1.018 0.026 0.958
101 0.999 0.128 0.751
179 1.003 0.173 0.619
