0 -73.419
1 -70.241
2 -45.984
3 -37.589
4 -25.603
5 -29.902
6 -26.274
7 -22.518
8 -20.227
9 -17.116
10 -17.299
11 -16.170
12 -15.681
13 -13.692
14 -17.880
15 -15.375
16 -14.463
17 -14.487
18 -13.092
19 -15.716
20 -10.933
21 -14.671
22 -13.983
23 -14.166
24 -13.587
25 -13.734
26 -11.159
27 -13.964
28 -12.290
29 -12.828
30 -12.585
31 -11.372
32 -11.272
33 -12.912
34 -11.866
35 -12.055
36 -13.303
37 -11.262
38 -11.166
39 -11.031
40 -13.328
41 -11.851
42 -12.554
43 -13.460
44 -11.229
45 -12.446
46 -12.553
47 -11.162
48 -11.239
49 -11.159
50 -11.762
51 -12.397
52 -10.497
53 -11.738
54 -12.428
55 -10.090
56 -11.787
57 -11.547
58 -10.191
59 -9.641
60 -10.367
61 -11.624
62 -11.563
