0 -91.190
1 -117.038
2 -54.504
3 -45.799
4 -38.950
5 -36.190
6 -34.438
7 -28.851
8 -28.032
9 -25.256
10 -23.479
11 -21.785
12 -23.015
13 -22.255
14 -22.874
15 -21.524
16 -20.866
17 -20.625
18 -21.338
19 -20.288
20 -19.745
21 -20.465
22 -19.940
23 -19.991
24 -19.905
25 -18.815
26 -18.575
27 -19.227
28 -19.761
29 -19.395
30 -18.889
31 -17.747
32 -18.463
33 -18.628
34 -17.478
35 -17.612
36 -18.170
37 -18.246
38 -17.150
39 -17.059
40 -18.030
41 -18.459
42 -18.036
43 -18.515
44 -17.782
45 -17.930
46 -17.412
47 -16.774
48 -18.065
49 -17.207
50 -18.229
51 -17.180
52 -16.580
53 -17.302
54 -17.263
55 -16.397
56 -16.560
57 -17.969
58 -16.775
59 -16.396
60 -15.103
61 -16.907
62 -16.803
