0 -116.072
1 -159.813
2 -68.194
3 -59.369
4 -51.517
5 -54.252
6 -59.449
7 -36.287
8 -35.329
9 -31.879
10 -28.111
11 -29.052
12 -36.216
13 -34.110
14 -31.472
15 -27.374
16 -30.967
17 -31.064
18 -27.606
19 -31.300
20 -27.649
21 -25.641
22 -27.530
23 -29.479
24 -28.847
25 -23.495
26 -25.369
27 -29.772
28 -30.644
29 -27.922
30 -24.541
31 -24.167
32 -27.997
33 -24.898
34 -26.079
35 -26.901
36 -23.850
37 -26.409
38 -23.329
39 -26.060
40 -25.534
41 -34.185
42 -26.983
43 -28.706
44 -24.191
45 -30.138
46 -22.465
47 -23.757
48 -26.294
49 -28.367
50 -26.012
51 -28.812
52 -20.959
53 -26.453
54 -23.186
55 -20.537
56 -21.288
57 -24.966
58 -23.164
59 -21.259
60 -20.898
61 -23.864
62 -24.097
