53 1.152 -0.175 1.261
179 1.156 -0.076 0.733
53 1.158 -0.187 1.259
179 1.146 -0.109 0.731
53 1.167 -0.197 1.257
179 1.143 -0.133 0.729
53 1.181 -0.206 1.256
179 1.151 -0.143 0.727
53 1.202 -0.210 1.256
179 1.169 -0.144 0.726
53 1.229 -0.206 1.256
179 1.191 -0.140 0.725
53 1.251 -0.194 1.256
179 1.217 -0.137 0.723
53 1.264 -0.179 1.257
179 1.245 -0.129 0.721
53 1.268 -0.166 1.259
179 1.273 -0.116 0.721
53 1.261 -0.160 1.261
179 1.297 -0.102 0.721
53 1.244 -0.159 1.263
179 1.311 -0.091 0.723
53 1.222 -0.159 1.263
179 1.307 -0.087 0.726
53 1.199 -0.158 1.262
179 1.288 -0.087 0.727
53 1.185 -0.149 1.259
179 1.258 -0.091 0.727
53 1.182 -0.140 1.257
179 1.226 -0.092 0.727
53 1.182 -0.135 1.256
179 1.197 -0.091 0.726
53 1.184 -0.133 1.255
179 1.169 -0.088 0.725
53 1.189 -0.135 1.254
179 1.146 -0.085 0.725
53 1.197 -0.139 1.254
179 1.131 -0.081 0.725
53 1.210 -0.142 1.254
179 1.129 -0.079 0.726
53 1.217 -0.135 1.255
179 1.143 -0.081 0.725
53 1.216 -0.128 1.255
179 1.165 -0.082 0.724
53 1.212 -0.121 1.255
179 1.187 -0.080 0.724
53 1.208 -0.116 1.256
179 1.209 -0.077 0.724
53 1.204 -0.114 1.257
179 1.228 -0.073 0.724
53 1.198 -0.114 1.258
179 1.244 -0.071 0.724
53 1.191 -0.116 1.259
179 1.258 -0.069 0.725
53 1.190 -0.113 1.258
179 1.263 -0.070 0.726
53 1.199 -0.109 1.258
179 1.262 -0.072 0.726
53 1.213 -0.106 1.257
179 1.259 -0.071 0.726
53 1.228 -0.104 1.257
179 1.257 -0.069 0.725
53 1.243 -0.102 1.256
179 1.254 -0.066 0.724
53 1.257 -0.101 1.256
179 1.252 -0.063 0.724
53 1.270 -0.099 1.256
179 1.250 -0.061 0.723
53 1.278 -0.093 1.256
179 1.252 -0.061 0.723
53 1.275 -0.087 1.257
179 1.257 -0.060 0.722
53 1.265 -0.084 1.258
179 1.263 -0.057 0.722
53 1.250 -0.083 1.259
179 1.267 -0.054 0.723
53 1.231 -0.083 1.259
179 1.269 -0.051 0.723
53 1.212 -0.084 1.259
179 1.268 -0.050 0.724
53 1.193 -0.085 1.259
179 1.262 -0.050 0.726
53 1.182 -0.080 1.257
179 1.250 -0.052 0.726
53 1.182 -0.076 1.255
179 1.235 -0.054 0.726
53 1.188 -0.072 1.254
179 1.221 -0.053 0.726
53 1.197 -0.070 1.253
179 1.208 -0.051 0.725
53 1.207 -0.068 1.253
179 1.196 -0.050 0.725
53 1.218 -0.067 1.253
179 1.187 -0.048 0.725
53 1.231 -0.066 1.253
179 1.179 -0.047 0.725
53 1.237 -0.062 1.253
179 1.178 -0.047 0.724
53 1.233 -0.058 1.254
179 1.182 -0.047 0.723
53 1.224 -0.056 1.253
179 1.188 -0.046 0.722
53 1.212 -0.054 1.253
179 1.194 -0.043 0.722
53 1.199 -0.052 1.254
179 1.199 -0.040 0.722
53 1.185 -0.050 1.254
179 1.203 -0.038 0.722
53 1.171 -0.049 1.254
179 1.206 -0.035 0.723
53 1.163 -0.043 1.253
179 1.207 -0.035 0.723
53 1.165 -0.039 1.253
179 1.203 -0.035 0.724
53 1.172 -0.036 1.252
179 1.198 -0.034 0.725
53 1.184 -0.034 1.252
179 1.193 -0.032 0.725
53 1.199 -0.032 1.252
179 1.189 -0.031 0.725
53 1.215 -0.031 1.252
179 1.187 -0.029 0.725
53 1.233 -0.030 1.253
179 1.186 -0.027 0.725
53 1.243 -0.025 1.253
179 1.190 -0.027 0.724
53 1.244 -0.022 1.254
179 1.199 -0.027 0.723
53 1.238 -0.020 1.254
179 1.209 -0.025 0.722
53 1.230 -0.017 1.255
179 1.218 -0.024 0.722
53 1.218 -0.015 1.255
179 1.227 -0.022 0.722
53 1.205 -0.013 1.256
179 1.234 -0.020 0.723
53 1.190 -0.011 1.256
179 1.239 -0.018 0.723
53 1.181 -0.005 1.256
179 1.241 -0.018 0.725
53 1.183 -0.002 1.255
179 1.237 -0.017 0.726
53 1.191 -0.001 1.254
179 1.232 -0.016 0.726
53 1.203 -0.000 1.253
179 1.228 -0.014 0.725
53 1.216 0.001 1.253
179 1.224 -0.013 0.725
53 1.231 0.002 1.253
179 1.222 -0.011 0.725
53 1.246 0.004 1.253
179 1.220 -0.010 0.724
53 1.256 0.010 1.254
179 1.220 -0.009 0.724
53 1.257 0.015 1.254
179 1.225 -0.009 0.723
53 1.251 0.018 1.255
179 1.231 -0.007 0.722
53 1.241 0.021 1.256
179 1.237 -0.005 0.722
53 1.227 0.024 1.256
179 1.243 -0.003 0.723
53 1.210 0.027 1.257
179 1.247 -0.001 0.723
53 1.192 0.030 1.257
179 1.248 0.002 0.724
53 1.180 0.036 1.256
179 1.244 0.004 0.726
53 1.180 0.038 1.255
179 1.236 0.007 0.727
53 1.187 0.038 1.254
179 1.227 0.010 0.726
53 1.197 0.039 1.253
179 1.219 0.013 0.726
53 1.208 0.041 1.252
179 1.211 0.015 0.725
53 1.222 0.043 1.252
179 1.205 0.017 0.725
53 1.236 0.045 1.252
179 1.200 0.020 0.725
53 1.246 0.052 1.253
179 1.198 0.022 0.724
53 1.245 0.057 1.254
179 1.202 0.024 0.723
53 1.238 0.060 1.254
179 1.207 0.027 0.722
53 1.227 0.063 1.254
179 1.212 0.030 0.722
53 1.214 0.066 1.255
179 1.217 0.033 0.722
53 1.199 0.069 1.255
179 1.221 0.035 0.723
53 1.182 0.073 1.255
179 1.223 0.039 0.723
53 1.171 0.080 1.255
179 1.222 0.042 0.725
53 1.171 0.083 1.254
179 1.217 0.045 0.726
53 1.177 0.085 1.253
179 1.210 0.049 0.726
53 1.187 0.086 1.252
179 1.204 0.052 0.725
53 1.200 0.089 1.252
179 1.199 0.055 0.725
53 1.216 0.091 1.252
179 1.194 0.057 0.725
53 1.232 0.094 1.252
179 1.192 0.061 0.724
53 1.243 0.101 1.253
179 1.193 0.062 0.724
53 1.244 0.105 1.253
179 1.200 0.064 0.722
53 1.238 0.107 1.253
179 1.209 0.066 0.722
53 1.229 0.110 1.254
179 1.218 0.068 0.721
53 1.216 0.112 1.255
179 1.226 0.069 0.722
53 1.201 0.115 1.255
179 1.233 0.070 0.722
53 1.184 0.117 1.255
179 1.237 0.074 0.723
53 1.173 0.124 1.255
179 1.236 0.076 0.725
53 1.174 0.128 1.254
179 1.229 0.080 0.726
53 1.181 0.127 1.253
179 1.220 0.083 0.725
53 1.192 0.127 1.252
179 1.213 0.083 0.724
53 1.205 0.128 1.252
179 1.206 0.083 0.724
53 1.220 0.130 1.252
179 1.199 0.082 0.723
53 1.236 0.131 1.252
179 1.195 0.083 0.723
53 1.245 0.138 1.253
179 1.196 0.082 0.723
53 1.245 0.141 1.253
179 1.203 0.082 0.722
53 1.238 0.142 1.254
179 1.212 0.083 0.721
53 1.226 0.144 1.254
179 1.220 0.083 0.722
53 1.212 0.146 1.255
179 1.228 0.084 0.722
53 1.195 0.149 1.255
179 1.233 0.086 0.723
53 1.178 0.152 1.256
179 1.235 0.091 0.724
53 1.167 0.160 1.256
179 1.231 0.095 0.726
53 1.167 0.164 1.254
179 1.220 0.100 0.726
53 1.175 0.164 1.253
179 1.208 0.103 0.725
53 1.186 0.165 1.252
179 1.198 0.104 0.724
53 1.199 0.167 1.252
179 1.188 0.103 0.724
53 1.213 0.168 1.252
179 1.181 0.102 0.723
53 1.229 0.168 1.252
179 1.179 0.101 0.723
53 1.238 0.173 1.253
179 1.184 0.100 0.723
53 1.238 0.176 1.253
179 1.197 0.100 0.722
53 1.232 0.176 1.254
179 1.212 0.101 0.722
53 1.222 0.178 1.255
179 1.225 0.102 0.723
53 1.209 0.182 1.256
179 1.236 0.104 0.723
53 1.195 0.186 1.256
179 1.244 0.108 0.724
53 1.180 0.190 1.257
179 1.246 0.114 0.725
53 1.169 0.199 1.257
179 1.239 0.119 0.726
53 1.171 0.203 1.255
179 1.224 0.125 0.726
53 1.179 0.203 1.254
179 1.208 0.127 0.725
53 1.189 0.203 1.253
179 1.194 0.126 0.724
53 1.200 0.203 1.252
179 1.182 0.122 0.723
53 1.212 0.202 1.252
179 1.175 0.118 0.723
53 1.225 0.200 1.252
179 1.174 0.116 0.723
53 1.235 0.205 1.253
179 1.181 0.114 0.723
53 1.236 0.210 1.254
179 1.198 0.116 0.723
53 1.230 0.212 1.255
179 1.216 0.120 0.723
53 1.220 0.216 1.256
179 1.232 0.124 0.724
53 1.208 0.221 1.257
179 1.244 0.129 0.724
53 1.195 0.226 1.257
179 1.251 0.135 0.725
53 1.180 0.230 1.257
179 1.250 0.140 0.725
53 1.168 0.238 1.257
179 1.238 0.143 0.726
53 1.163 0.242 1.226
179 1.219 0.146 0.708
53 1.164 0.241 1.224
179 1.202 0.149 0.707
53 1.167 0.238 1.223
179 1.186 0.147 0.706
53 1.172 0.238 1.222
179 1.173 0.142 0.706
53 1.179 0.239 1.222
179 1.161 0.137 0.707
53 1.191 0.240 1.222
179 1.153 0.135 0.707
53 1.207 0.240 1.222
179 1.150 0.138 0.707
53 1.214 0.231 1.222
179 1.155 0.143 0.706
53 1.211 0.223 1.221
179 1.162 0.143 0.704
53 1.202 0.218 1.221
179 1.169 0.137 0.704
53 1.191 0.216 1.222
179 1.174 0.131 0.703
53 1.179 0.217 1.222
179 1.176 0.127 0.704
53 1.167 0.218 1.223
179 1.175 0.125 0.704
53 1.153 0.219 1.223
179 1.172 0.126 0.704
53 1.145 0.213 1.222
179 1.166 0.129 0.704
53 1.144 0.208 1.220
179 1.157 0.131 0.704
53 1.147 0.208 1.219
179 1.147 0.130 0.704
53 1.154 0.211 1.219
179 1.136 0.128 0.704
53 1.166 0.215 1.219
179 1.128 0.126 0.705
53 1.182 0.216 1.219
179 1.124 0.128 0.705
53 1.201 0.215 1.220
179 1.127 0.132 0.705
53 1.211 0.207 1.220
179 1.139 0.137 0.704
53 1.209 0.198 1.220
179 1.153 0.137 0.702
53 1.202 0.195 1.219
179 1.165 0.135 0.701
53 1.194 0.194 1.220
179 1.172 0.134 0.700
53 1.185 0.195 1.220
179 1.177 0.134 0.700
53 1.175 0.199 1.220
179 1.178 0.136 0.699
53 1.165 0.203 1.221
179 1.178 0.140 0.699
53 1.159 0.204 1.220
179 1.176 0.146 0.699
53 1.161 0.205 1.219
179 1.171 0.153 0.699
53 1.167 0.209 1.217
179 1.164 0.158 0.698
53 1.175 0.215 1.217
179 1.158 0.162 0.698
53 1.184 0.219 1.216
179 1.152 0.166 0.698
53 1.196 0.221 1.217
179 1.147 0.168 0.699
53 1.212 0.218 1.217
179 1.146 0.169 0.699
53 1.222 0.207 1.218
179 1.152 0.169 0.698
53 1.222 0.198 1.218
179 1.163 0.166 0.697
53 1.216 0.195 1.218
179 1.173 0.162 0.696
53 1.207 0.194 1.218
179 1.180 0.162 0.695
53 1.198 0.195 1.218
179 1.185 0.164 0.695
53 1.187 0.199 1.219
179 1.188 0.169 0.694
53 1.174 0.203 1.220
179 1.189 0.176 0.694
53 1.163 0.202 1.220
179 1.189 0.184 0.694
53 1.161 0.202 1.219
179 1.185 0.190 0.695
53 1.165 0.203 1.218
179 1.180 0.193 0.696
53 1.175 0.203 1.217
179 1.175 0.194 0.696
53 1.189 0.199 1.217
179 1.171 0.193 0.696
53 1.206 0.195 1.218
179 1.169 0.189 0.696
53 1.223 0.191 1.218
179 1.170 0.185 0.696
53 1.235 0.181 1.219
179 1.175 0.182 0.695
53 1.235 0.174 1.219
179 1.185 0.179 0.694
53 1.230 0.173 1.219
179 1.194 0.177 0.693
53 1.221 0.174 1.220
179 1.202 0.180 0.693
53 1.209 0.176 1.220
179 1.208 0.185 0.693
53 1.194 0.178 1.221
179 1.212 0.192 0.693
53 1.177 0.180 1.221
179 1.214 0.196 0.693
53 1.163 0.172 1.220
179 1.212 0.199 0.694
53 1.159 0.167 1.219
179 1.203 0.197 0.696
53 1.164 0.166 1.218
179 1.192 0.194 0.696
53 1.174 0.164 1.218
179 1.183 0.191 0.696
53 1.187 0.160 1.218
179 1.175 0.190 0.696
53 1.203 0.157 1.218
179 1.170 0.188 0.696
53 1.220 0.155 1.218
179 1.169 0.184 0.696
53 1.232 0.145 1.219
179 1.173 0.181 0.696
53 1.233 0.140 1.220
179 1.184 0.176 0.695
53 1.227 0.141 1.220
179 1.195 0.174 0.694
53 1.218 0.143 1.220
179 1.203 0.178 0.694
53 1.205 0.144 1.221
179 1.209 0.185 0.694
53 1.190 0.146 1.221
179 1.213 0.192 0.694
53 1.172 0.146 1.221
179 1.214 0.195 0.694
53 1.157 0.136 1.220
179 1.210 0.195 0.696
53 1.155 0.129 1.219
179 1.198 0.188 0.697
53 1.161 0.126 1.218
179 1.185 0.181 0.698
53 1.171 0.123 1.218
179 1.174 0.177 0.698
53 1.184 0.120 1.218
179 1.166 0.177 0.698
53 1.200 0.118 1.218
179 1.161 0.175 0.698
53 1.217 0.116 1.218
179 1.161 0.171 0.698
53 1.230 0.106 1.220
179 1.167 0.167 0.697
53 1.231 0.102 1.220
179 1.180 0.161 0.697
53 1.224 0.103 1.220
179 1.192 0.159 0.696
53 1.215 0.105 1.220
179 1.200 0.164 0.696
53 1.202 0.107 1.221
179 1.206 0.173 0.696
53 1.186 0.109 1.221
179 1.209 0.181 0.696
53 1.168 0.109 1.221
179 1.209 0.183 0.697
53 1.153 0.097 1.221
179 1.203 0.181 0.698
53 1.151 0.089 1.219
179 1.190 0.171 0.700
53 1.157 0.085 1.218
179 1.176 0.161 0.700
53 1.168 0.082 1.218
179 1.164 0.157 0.700
53 1.181 0.079 1.218
179 1.155 0.156 0.700
53 1.197 0.078 1.218
179 1.151 0.154 0.700
53 1.214 0.076 1.219
179 1.152 0.149 0.700
53 1.227 0.066 1.220
179 1.160 0.144 0.700
53 1.227 0.062 1.220
179 1.174 0.137 0.699
53 1.221 0.063 1.220
179 1.187 0.136 0.699
53 1.210 0.066 1.221
179 1.194 0.142 0.699
53 1.197 0.068 1.221
179 1.199 0.154 0.699
53 1.181 0.070 1.221
179 1.201 0.163 0.699
53 1.162 0.071 1.221
179 1.199 0.166 0.700
53 1.148 0.058 1.221
179 1.192 0.163 0.701
53 1.146 0.049 1.219
179 1.178 0.150 0.703
53 1.152 0.044 1.219
179 1.164 0.138 0.703
53 1.164 0.040 1.218
179 1.152 0.132 0.703
53 1.177 0.037 1.218
179 1.143 0.129 0.703
53 1.193 0.036 1.219
179 1.140 0.126 0.703
53 1.210 0.034 1.219
179 1.142 0.120 0.703
53 1.223 0.024 1.220
179 1.151 0.115 0.703
53 1.223 0.020 1.221
179 1.166 0.108 0.702
53 1.215 0.022 1.221
179 1.178 0.106 0.702
53 1.204 0.024 1.221
179 1.185 0.114 0.702
53 1.190 0.027 1.221
179 1.188 0.127 0.702
53 1.174 0.029 1.221
179 1.188 0.138 0.702
53 1.155 0.031 1.221
179 1.184 0.143 0.703
53 1.140 0.017 1.221
179 1.177 0.141 0.705
53 1.139 0.008 1.220
179 1.162 0.126 0.706
53 1.147 0.002 1.219
179 1.149 0.111 0.706
53 1.159 -0.003 1.219
179 1.138 0.102 0.706
53 1.173 -0.006 1.219
179 1.130 0.096 0.705
53 1.188 -0.008 1.219
179 1.127 0.091 0.705
53 1.205 -0.009 1.219
179 1.130 0.085 0.705
53 1.218 -0.020 1.221
179 1.140 0.079 0.705
53 1.216 -0.023 1.221
179 1.156 0.072 0.705
53 1.208 -0.021 1.221
179 1.166 0.071 0.704
53 1.196 -0.018 1.221
179 1.171 0.079 0.704
53 1.181 -0.016 1.221
179 1.171 0.092 0.705
53 1.164 -0.013 1.221
179 1.168 0.105 0.705
53 1.145 -0.011 1.221
179 1.163 0.112 0.705
53 1.131 -0.025 1.221
179 1.154 0.114 0.707
53 1.130 -0.034 1.220
179 1.140 0.098 0.709
53 1.139 -0.041 1.219
179 1.129 0.080 0.709
53 1.153 -0.047 1.219
179 1.120 0.067 0.708
53 1.168 -0.051 1.219
179 1.116 0.056 0.708
53 1.184 -0.054 1.219
179 1.115 0.048 0.707
53 1.200 -0.055 1.220
179 1.118 0.041 0.707
53 1.211 -0.065 1.221
179 1.128 0.035 0.707
53 1.209 -0.069 1.221
179 1.143 0.029 0.707
53 1.199 -0.066 1.221
179 1.152 0.028 0.706
53 1.186 -0.064 1.221
179 1.154 0.036 0.706
53 1.171 -0.061 1.221
179 1.152 0.048 0.706
53 1.153 -0.058 1.221
179 1.145 0.060 0.707
53 1.133 -0.056 1.221
179 1.136 0.071 0.707
53 1.119 -0.069 1.221
179 1.124 0.077 0.709
53 1.118 -0.078 1.220
179 1.111 0.064 0.711
53 1.129 -0.086 1.220
179 1.103 0.044 0.711
53 1.145 -0.093 1.220
179 1.100 0.026 0.710
53 1.163 -0.098 1.220
179 1.101 0.010 0.709
53 1.179 -0.101 1.220
179 1.105 -0.002 0.709
53 1.196 -0.104 1.220
179 1.111 -0.011 0.709
53 1.207 -0.113 1.221
179 1.121 -0.016 0.709
53 1.203 -0.116 1.221
179 1.135 -0.022 0.708
53 1.192 -0.114 1.221
179 1.142 -0.021 0.707
53 1.178 -0.112 1.221
179 1.143 -0.014 0.707
53 1.162 -0.109 1.221
179 1.138 -0.005 0.707
53 1.145 -0.107 1.221
179 1.129 0.005 0.707
53 1.125 -0.105 1.221
179 1.117 0.016 0.708
53 1.110 -0.118 1.221
179 1.101 0.025 0.709
53 1.100 -0.123 1.190
179 1.087 0.020 0.693
53 1.098 -0.126 1.189
179 1.071 0.016 0.693
53 1.108 -0.130 1.189
179 1.058 0.013 0.694
53 1.124 -0.134 1.189
179 1.055 0.003 0.693
53 1.143 -0.137 1.190
179 1.062 -0.009 0.693
53 1.162 -0.140 1.191
179 1.073 -0.019 0.693
53 1.180 -0.142 1.191
179 1.082 -0.026 0.694
53 1.182 -0.131 1.191
179 1.089 -0.030 0.692
53 1.168 -0.118 1.190
179 1.084 -0.021 0.691
53 1.148 -0.110 1.189
179 1.067 -0.001 0.691
53 1.124 -0.106 1.188
179 1.048 0.020 0.691
53 1.099 -0.104 1.188
179 1.036 0.034 0.691
53 1.079 -0.103 1.187
179 1.033 0.039 0.692
53 1.062 -0.102 1.187
179 1.032 0.039 0.691
53 1.051 -0.094 1.186
179 1.027 0.037 0.691
53 1.064 -0.094 1.186
179 1.017 0.041 0.692
53 1.088 -0.096 1.187
179 1.018 0.036 0.691
53 1.112 -0.098 1.188
179 1.032 0.026 0.691
53 1.133 -0.100 1.189
179 1.047 0.018 0.691
53 1.152 -0.101 1.189
179 1.056 0.015 0.691
53 1.169 -0.100 1.190
179 1.062 0.014 0.692
53 1.170 -0.087 1.190
179 1.069 0.012 0.691
53 1.156 -0.074 1.189
179 1.065 0.021 0.690
53 1.135 -0.067 1.188
179 1.050 0.040 0.690
53 1.111 -0.064 1.188
179 1.035 0.058 0.690
53 1.089 -0.062 1.187
179 1.027 0.068 0.690
53 1.070 -0.062 1.187
179 1.025 0.069 0.690
53 1.053 -0.061 1.186
179 1.024 0.068 0.690
53 1.041 -0.053 1.185
179 1.017 0.068 0.689
53 1.057 -0.053 1.185
179 1.007 0.072 0.690
53 1.084 -0.054 1.187
179 1.011 0.065 0.689
53 1.108 -0.055 1.187
179 1.027 0.055 0.688
53 1.128 -0.057 1.188
179 1.041 0.049 0.688
53 1.147 -0.057 1.189
179 1.048 0.048 0.689
53 1.165 -0.056 1.190
179 1.053 0.049 0.689
53 1.165 -0.042 1.190
179 1.062 0.047 0.689
53 1.152 -0.029 1.189
179 1.060 0.056 0.688
53 1.132 -0.021 1.188
179 1.046 0.074 0.688
53 1.109 -0.017 1.188
179 1.032 0.092 0.688
53 1.087 -0.015 1.187
179 1.026 0.100 0.688
53 1.068 -0.016 1.187
179 1.025 0.100 0.688
53 1.050 -0.016 1.186
179 1.023 0.099 0.687
53 1.037 -0.008 1.185
179 1.016 0.099 0.687
53 1.054 -0.008 1.185
179 1.005 0.102 0.687
53 1.082 -0.009 1.186
179 1.011 0.094 0.686
53 1.106 -0.010 1.187
179 1.026 0.084 0.685
53 1.127 -0.011 1.188
179 1.039 0.079 0.685
53 1.146 -0.011 1.189
179 1.044 0.080 0.686
53 1.163 -0.010 1.190
179 1.050 0.082 0.686
53 1.164 0.004 1.189
179 1.061 0.080 0.686
53 1.151 0.019 1.189
179 1.060 0.089 0.686
53 1.131 0.027 1.188
179 1.047 0.108 0.686
53 1.110 0.032 1.188
179 1.034 0.124 0.685
53 1.089 0.033 1.187
179 1.030 0.131 0.685
53 1.070 0.032 1.187
179 1.030 0.130 0.684
53 1.050 0.031 1.186
179 1.027 0.128 0.684
53 1.036 0.039 1.185
179 1.018 0.128 0.683
53 1.053 0.038 1.185
179 1.007 0.130 0.684
53 1.082 0.036 1.186
179 1.012 0.122 0.682
53 1.105 0.036 1.187
179 1.028 0.111 0.682
53 1.126 0.035 1.188
179 1.038 0.107 0.682
53 1.145 0.036 1.189
179 1.043 0.109 0.682
53 1.163 0.036 1.190
179 1.050 0.112 0.683
53 1.164 0.051 1.189
179 1.062 0.112 0.683
53 1.151 0.066 1.189
179 1.063 0.121 0.683
53 1.133 0.076 1.188
179 1.052 0.139 0.682
53 1.112 0.081 1.188
179 1.041 0.154 0.682
53 1.092 0.081 1.187
179 1.037 0.159 0.682
53 1.072 0.079 1.186
179 1.036 0.156 0.681
53 1.051 0.079 1.186
179 1.032 0.154 0.680
53 1.036 0.086 1.184
179 1.022 0.154 0.680
53 1.053 0.084 1.185
179 1.011 0.155 0.680
53 1.081 0.081 1.186
179 1.015 0.146 0.679
53 1.105 0.080 1.186
179 1.029 0.135 0.678
53 1.125 0.080 1.187
179 1.039 0.131 0.679
53 1.144 0.080 1.188
179 1.044 0.135 0.679
53 1.163 0.080 1.189
179 1.051 0.139 0.680
53 1.163 0.095 1.189
179 1.065 0.139 0.679
53 1.151 0.111 1.188
179 1.068 0.149 0.679
53 1.133 0.121 1.188
179 1.058 0.166 0.679
53 1.113 0.126 1.187
179 1.048 0.180 0.679
53 1.093 0.126 1.186
179 1.044 0.183 0.678
53 1.072 0.124 1.186
179 1.042 0.179 0.677
53 1.051 0.123 1.185
179 1.037 0.177 0.677
53 1.036 0.130 1.184
179 1.027 0.176 0.676
53 1.053 0.127 1.184
179 1.014 0.175 0.677
53 1.080 0.123 1.185
179 1.017 0.166 0.675
53 1.103 0.122 1.186
179 1.031 0.155 0.675
53 1.124 0.121 1.186
179 1.040 0.152 0.675
53 1.143 0.121 1.187
179 1.045 0.156 0.676
53 1.161 0.121 1.188
179 1.053 0.161 0.676
53 1.162 0.135 1.188
179 1.068 0.164 0.676
53 1.149 0.152 1.187
179 1.073 0.172 0.676
53 1.131 0.162 1.187
179 1.065 0.188 0.676
53 1.112 0.167 1.186
179 1.055 0.201 0.675
53 1.091 0.168 1.185
179 1.050 0.203 0.674
53 1.071 0.166 1.185
179 1.047 0.199 0.674
53 1.049 0.165 1.184
179 1.041 0.195 0.673
53 1.034 0.171 1.183
179 1.030 0.193 0.673
53 1.051 0.167 1.183
179 1.017 0.191 0.673
53 1.078 0.162 1.184
179 1.019 0.182 0.672
53 1.100 0.160 1.184
179 1.031 0.171 0.672
53 1.121 0.159 1.185
179 1.041 0.169 0.672
53 1.141 0.158 1.186
179 1.047 0.174 0.673
53 1.159 0.158 1.187
179 1.056 0.180 0.673
53 1.161 0.172 1.187
179 1.071 0.184 0.673
53 1.147 0.188 1.186
179 1.077 0.192 0.672
53 1.129 0.199 1.185
179 1.072 0.206 0.672
53 1.109 0.205 1.185
179 1.062 0.218 0.672
53 1.088 0.206 1.184
179 1.055 0.220 0.671
53 1.068 0.205 1.183
179 1.050 0.215 0.670
53 1.046 0.203 1.182
179 1.043 0.210 0.670
53 1.032 0.207 1.181
179 1.032 0.206 0.669
53 1.049 0.203 1.181
179 1.018 0.202 0.670
53 1.075 0.197 1.182
179 1.019 0.194 0.669
53 1.097 0.195 1.183
179 1.030 0.185 0.669
53 1.118 0.193 1.184
179 1.041 0.183 0.669
53 1.138 0.191 1.185
179 1.049 0.189 0.670
53 1.158 0.191 1.186
179 1.059 0.197 0.670
53 1.160 0.205 1.186
179 1.074 0.201 0.670
53 1.146 0.220 1.185
179 1.082 0.208 0.669
53 1.127 0.231 1.184
179 1.078 0.221 0.669
53 1.106 0.238 1.183
179 1.068 0.231 0.668
53 1.084 0.241 1.182
179 1.059 0.233 0.668
53 1.064 0.240 1.181
179 1.052 0.229 0.667
53 1.043 0.237 1.181
179 1.044 0.223 0.666
53 1.030 0.239 1.179
179 1.033 0.216 0.666
53 1.046 0.235 1.180
179 1.020 0.211 0.667
53 1.072 0.229 1.181
179 1.019 0.203 0.667
53 1.095 0.226 1.182
179 1.030 0.196 0.666
53 1.116 0.223 1.182
179 1.042 0.196 0.667
53 1.137 0.222 1.183
179 1.052 0.203 0.667
53 1.157 0.222 1.184
179 1.063 0.211 0.668
53 1.160 0.235 1.185
179 1.078 0.216 0.667
53 1.147 0.249 1.183
179 1.087 0.223 0.667
53 1.127 0.259 1.182
179 1.086 0.233 0.666
53 1.105 0.266 1.181
179 1.077 0.241 0.665
53 1.082 0.271 1.180
179 1.066 0.244 0.665
53 1.061 0.271 1.179
179 1.055 0.240 0.664
53 1.040 0.268 1.178
179 1.046 0.234 0.663
53 1.029 0.268 1.177
179 1.034 0.226 0.663
53 1.045 0.264 1.178
179 1.022 0.219 0.665
53 1.071 0.258 1.179
179 1.021 0.212 0.664
53 1.094 0.255 1.180
179 1.032 0.208 0.664
53 1.116 0.252 1.181
179 1.045 0.209 0.665
53 1.137 0.251 1.182
179 1.057 0.216 0.665
53 1.157 0.252 1.183
179 1.069 0.224 0.666
53 1.162 0.263 1.183
179 1.084 0.230 0.665
53 1.150 0.275 1.182
179 1.094 0.235 0.664
53 1.132 0.284 1.181
179 1.095 0.243 0.663
53 1.110 0.290 1.179
179 1.087 0.250 0.662
53 1.086 0.295 1.178
179 1.076 0.252 0.662
53 1.063 0.297 1.177
179 1.063 0.250 0.661
53 1.041 0.296 1.176
179 1.051 0.245 0.660
53 1.030 0.296 1.175
179 1.039 0.237 0.661
53 1.026 0.297 1.145
179 1.027 0.230 0.644
53 1.037 0.295 1.145
179 1.012 0.228 0.645
53 1.060 0.295 1.147
179 1.005 0.228 0.645
53 1.083 0.295 1.148
179 1.013 0.228 0.645
53 1.106 0.295 1.149
179 1.027 0.233 0.646
53 1.126 0.295 1.151
179 1.038 0.241 0.647
53 1.146 0.297 1.152
179 1.048 0.251 0.647
53 1.154 0.295 1.152
179 1.060 0.259 0.646
53 1.141 0.301 1.151
179 1.067 0.265 0.645
53 1.117 0.310 1.149
179 1.062 0.268 0.644
53 1.093 0.317 1.148
179 1.047 0.272 0.643
53 1.071 0.319 1.146
179 1.031 0.271 0.643
53 1.049 0.318 1.145
179 1.019 0.263 0.642
53 1.026 0.315 1.144
179 1.009 0.255 0.641
53 1.023 0.295 1.144
179 0.997 0.251 0.641
53 1.039 0.276 1.145
179 0.991 0.242 0.641
53 1.061 0.268 1.146
179 0.996 0.231 0.642
53 1.083 0.266 1.147
179 1.002 0.228 0.642
53 1.103 0.269 1.148
179 1.009 0.235 0.642
53 1.124 0.272 1.150
179 1.019 0.245 0.643
53 1.146 0.274 1.151
179 1.034 0.253 0.643
53 1.157 0.269 1.151
179 1.053 0.262 0.643
53 1.146 0.274 1.150
179 1.065 0.268 0.641
53 1.124 0.286 1.149
179 1.061 0.276 0.641
53 1.103 0.294 1.148
179 1.046 0.283 0.640
53 1.082 0.294 1.147
179 1.033 0.281 0.640
53 1.061 0.292 1.146
179 1.024 0.271 0.639
53 1.038 0.290 1.145
179 1.014 0.264 0.638
53 1.033 0.270 1.145
179 1.000 0.263 0.639
53 1.046 0.249 1.145
179 0.996 0.253 0.639
53 1.065 0.241 1.146
179 1.000 0.240 0.639
53 1.086 0.239 1.147
179 1.004 0.236 0.640
53 1.107 0.242 1.148
179 1.009 0.241 0.640
53 1.128 0.245 1.150
179 1.020 0.249 0.641
53 1.151 0.246 1.151
179 1.037 0.255 0.641
53 1.164 0.241 1.152
179 1.057 0.263 0.641
53 1.154 0.245 1.151
179 1.071 0.270 0.640
53 1.134 0.257 1.150
179 1.068 0.280 0.640
53 1.114 0.263 1.149
179 1.056 0.288 0.639
53 1.094 0.263 1.148
179 1.045 0.286 0.639
53 1.072 0.261 1.147
179 1.037 0.278 0.638
53 1.049 0.260 1.146
179 1.026 0.273 0.638
53 1.043 0.239 1.146
179 1.013 0.272 0.638
53 1.053 0.219 1.146
179 1.008 0.261 0.638
53 1.071 0.211 1.147
179 1.011 0.247 0.639
53 1.091 0.210 1.148
179 1.012 0.243 0.639
53 1.111 0.213 1.149
179 1.015 0.246 0.640
53 1.133 0.216 1.150
179 1.027 0.250 0.641
53 1.156 0.217 1.152
179 1.044 0.255 0.641
53 1.170 0.210 1.153
179 1.063 0.261 0.641
53 1.161 0.214 1.152
179 1.079 0.267 0.640
53 1.143 0.224 1.151
179 1.079 0.279 0.640
53 1.124 0.229 1.151
179 1.068 0.289 0.640
53 1.103 0.229 1.150
179 1.059 0.287 0.640
53 1.081 0.227 1.149
179 1.050 0.279 0.639
53 1.058 0.226 1.148
179 1.039 0.275 0.639
53 1.051 0.205 1.148
179 1.026 0.275 0.640
53 1.059 0.186 1.148
179 1.020 0.261 0.640
53 1.076 0.179 1.148
179 1.020 0.245 0.641
53 1.096 0.177 1.149
179 1.019 0.241 0.642
53 1.116 0.180 1.150
179 1.022 0.243 0.642
53 1.138 0.183 1.151
179 1.033 0.245 0.643
53 1.161 0.183 1.153
179 1.050 0.248 0.643
53 1.176 0.176 1.154
179 1.070 0.254 0.644
53 1.168 0.181 1.154
179 1.087 0.259 0.643
53 1.150 0.189 1.153
179 1.088 0.271 0.643
53 1.131 0.193 1.152
179 1.079 0.282 0.643
53 1.110 0.193 1.152
179 1.070 0.280 0.643
53 1.088 0.190 1.151
179 1.060 0.273 0.643
53 1.064 0.189 1.150
179 1.048 0.270 0.642
53 1.056 0.168 1.150
179 1.034 0.269 0.643
53 1.064 0.151 1.150
179 1.028 0.252 0.644
53 1.080 0.144 1.150
179 1.025 0.234 0.645
53 1.099 0.143 1.150
179 1.023 0.230 0.645
53 1.119 0.145 1.151
179 1.026 0.232 0.645
53 1.141 0.147 1.152
179 1.038 0.233 0.646
53 1.164 0.148 1.154
179 1.055 0.235 0.647
53 1.179 0.139 1.155
179 1.074 0.240 0.647
53 1.171 0.144 1.155
179 1.092 0.244 0.647
53 1.155 0.151 1.155
179 1.093 0.257 0.647
53 1.135 0.155 1.154
179 1.085 0.269 0.647
53 1.113 0.154 1.153
179 1.076 0.267 0.647
53 1.091 0.151 1.153
179 1.065 0.260 0.647
53 1.067 0.150 1.152
179 1.052 0.257 0.647
53 1.059 0.129 1.152
179 1.038 0.256 0.648
53 1.066 0.113 1.151
179 1.030 0.235 0.649
53 1.083 0.107 1.151
179 1.027 0.217 0.649
53 1.102 0.106 1.152
179 1.024 0.213 0.649
53 1.121 0.108 1.152
179 1.028 0.214 0.649
53 1.143 0.110 1.154
179 1.041 0.215 0.650
53 1.166 0.110 1.155
179 1.058 0.216 0.651
53 1.181 0.101 1.157
179 1.077 0.221 0.651
53 1.174 0.106 1.157
179 1.095 0.223 0.651
53 1.157 0.111 1.156
179 1.097 0.237 0.651
53 1.137 0.115 1.156
179 1.088 0.250 0.651
53 1.115 0.114 1.155
179 1.077 0.249 0.652
53 1.092 0.111 1.154
179 1.066 0.242 0.652
53 1.069 0.110 1.154
179 1.052 0.238 0.652
53 1.059 0.088 1.154
179 1.037 0.236 0.653
53 1.067 0.074 1.153
179 1.029 0.213 0.653
53 1.084 0.068 1.153
179 1.026 0.195 0.653
53 1.103 0.068 1.153
179 1.025 0.190 0.653
53 1.123 0.070 1.154
179 1.029 0.192 0.654
53 1.145 0.071 1.155
179 1.043 0.193 0.654
53 1.168 0.072 1.157
179 1.060 0.194 0.655
53 1.183 0.062 1.158
179 1.079 0.198 0.656
53 1.175 0.066 1.158
179 1.097 0.199 0.655
53 1.159 0.071 1.158
179 1.098 0.212 0.656
53 1.138 0.074 1.157
179 1.088 0.225 0.656
53 1.115 0.074 1.157
179 1.076 0.225 0.657
53 1.092 0.070 1.156
179 1.063 0.218 0.657
53 1.068 0.069 1.155
179 1.049 0.214 0.657
53 1.059 0.047 1.155
179 1.033 0.212 0.658
53 1.067 0.034 1.154
179 1.026 0.187 0.658
53 1.084 0.029 1.154
179 1.024 0.169 0.658
53 1.104 0.028 1.154
179 1.024 0.165 0.658
53 1.124 0.031 1.155
179 1.030 0.167 0.658
53 1.146 0.032 1.157
179 1.044 0.168 0.659
53 1.168 0.033 1.158
179 1.062 0.169 0.659
53 1.183 0.023 1.160
179 1.080 0.173 0.660
53 1.176 0.026 1.160
179 1.099 0.171 0.660
53 1.159 0.030 1.159
179 1.099 0.183 0.660
53 1.138 0.032 1.159
179 1.087 0.197 0.661
53 1.114 0.032 1.158
179 1.073 0.198 0.661
53 1.091 0.029 1.157
179 1.059 0.192 0.662
53 1.067 0.027 1.157
179 1.044 0.186 0.662
53 1.058 0.005 1.156
179 1.028 0.183 0.663
53 1.065 -0.007 1.155
179 1.021 0.158 0.663
53 1.084 -0.012 1.155
179 1.021 0.141 0.663
53 1.104 -0.012 1.156
179 1.022 0.136 0.662
53 1.124 -0.009 1.157
179 1.030 0.139 0.662
53 1.146 -0.008 1.158
179 1.044 0.141 0.663
53 1.168 -0.006 1.159
179 1.062 0.142 0.664
53 1.183 -0.018 1.161
179 1.081 0.144 0.664
53 1.176 -0.015 1.161
179 1.099 0.141 0.664
53 1.159 -0.012 1.161
179 1.098 0.152 0.665
53 1.137 -0.010 1.160
179 1.085 0.165 0.665
53 1.112 -0.009 1.159
179 1.068 0.168 0.666
53 1.088 -0.013 1.159
179 1.053 0.162 0.667
53 1.064 -0.015 1.158
179 1.037 0.156 0.667
53 1.055 -0.038 1.158
179 1.022 0.152 0.667
53 1.063 -0.048 1.157
179 1.016 0.127 0.668
53 1.082 -0.053 1.157
179 1.016 0.110 0.667
53 1.103 -0.052 1.157
179 1.020 0.106 0.666
53 1.124 -0.050 1.158
179 1.029 0.108 0.666
53 1.145 -0.048 1.160
179 1.043 0.111 0.667
53 1.167 -0.046 1.161
179 1.061 0.112 0.668
53 1.182 -0.058 1.163
179 1.080 0.114 0.669
53 1.174 -0.056 1.163
179 1.097 0.108 0.669
53 1.157 -0.054 1.163
179 1.096 0.118 0.669
53 1.135 -0.052 1.162
179 1.081 0.131 0.670
53 1.110 -0.052 1.161
179 1.062 0.135 0.671
53 1.085 -0.055 1.160
179 1.045 0.130 0.671
53 1.061 -0.058 1.159
179 1.029 0.123 0.671
53 1.052 -0.080 1.159
179 1.015 0.118 0.672
53 1.049 -0.085 1.128
179 1.009 0.096 0.654
53 1.055 -0.089 1.128
179 0.999 0.098 0.654
53 1.072 -0.088 1.128
179 0.994 0.100 0.654
53 1.094 -0.087 1.129
179 1.005 0.097 0.654
53 1.118 -0.086 1.131
179 1.021 0.095 0.654
53 1.139 -0.083 1.132
179 1.034 0.098 0.655
53 1.159 -0.080 1.134
179 1.045 0.103 0.656
53 1.161 -0.058 1.133
179 1.056 0.108 0.655
53 1.153 -0.048 1.133
179 1.052 0.132 0.655
53 1.134 -0.045 1.133
179 1.047 0.150 0.655
53 1.111 -0.047 1.132
179 1.042 0.151 0.656
53 1.089 -0.050 1.131
179 1.032 0.148 0.656
53 1.066 -0.050 1.130
179 1.016 0.149 0.656
53 1.043 -0.049 1.129
179 1.001 0.150 0.656
53 1.027 -0.037 1.127
179 0.989 0.149 0.655
53 1.042 -0.040 1.128
179 0.980 0.155 0.655
53 1.069 -0.042 1.129
179 0.992 0.143 0.654
53 1.094 -0.042 1.130
179 1.009 0.139 0.654
53 1.114 -0.038 1.131
179 1.020 0.146 0.654
53 1.134 -0.035 1.132
179 1.031 0.153 0.655
53 1.155 -0.034 1.134
179 1.045 0.152 0.656
53 1.159 -0.013 1.133
179 1.058 0.152 0.655
53 1.150 -0.001 1.133
179 1.053 0.177 0.654
53 1.130 0.002 1.133
179 1.047 0.195 0.654
53 1.108 -0.001 1.132
179 1.044 0.192 0.655
53 1.086 -0.004 1.131
179 1.035 0.187 0.655
53 1.063 -0.003 1.130
179 1.019 0.188 0.654
53 1.040 -0.003 1.129
179 1.004 0.189 0.654
53 1.024 0.009 1.128
179 0.993 0.186 0.653
53 1.040 0.005 1.128
179 0.986 0.189 0.653
53 1.068 0.003 1.129
179 0.997 0.179 0.652
53 1.093 0.004 1.130
179 1.013 0.176 0.651
53 1.114 0.008 1.131
179 1.025 0.185 0.651
53 1.134 0.011 1.132
179 1.036 0.191 0.652
53 1.157 0.011 1.134
179 1.052 0.189 0.653
53 1.160 0.033 1.134
179 1.064 0.189 0.652
53 1.151 0.045 1.133
179 1.060 0.215 0.651
53 1.131 0.049 1.133
179 1.055 0.230 0.650
53 1.110 0.045 1.132
179 1.052 0.225 0.651
53 1.087 0.042 1.131
179 1.042 0.220 0.651
53 1.063 0.043 1.130
179 1.026 0.221 0.650
53 1.040 0.043 1.130
179 1.012 0.221 0.650
53 1.025 0.055 1.128
179 1.001 0.216 0.649
53 1.041 0.051 1.128
179 0.994 0.219 0.649
53 1.069 0.049 1.129
179 1.003 0.210 0.648
53 1.093 0.051 1.130
179 1.019 0.208 0.647
53 1.115 0.054 1.131
179 1.031 0.217 0.647
53 1.136 0.057 1.132
179 1.043 0.223 0.647
53 1.159 0.057 1.134
179 1.058 0.222 0.648
53 1.163 0.079 1.134
179 1.071 0.222 0.647
53 1.153 0.092 1.134
179 1.068 0.245 0.646
53 1.134 0.094 1.133
179 1.064 0.259 0.646
53 1.112 0.091 1.132
179 1.060 0.252 0.646
53 1.088 0.088 1.131
179 1.050 0.248 0.646
53 1.063 0.089 1.130
179 1.034 0.249 0.646
53 1.041 0.089 1.130
179 1.020 0.248 0.645
53 1.026 0.101 1.128
179 1.009 0.242 0.644
53 1.042 0.097 1.128
179 1.002 0.245 0.644
53 1.070 0.095 1.129
179 1.010 0.237 0.643
53 1.095 0.096 1.130
179 1.025 0.235 0.642
53 1.117 0.099 1.131
179 1.036 0.244 0.642
53 1.138 0.102 1.132
179 1.049 0.250 0.642
53 1.161 0.102 1.134
179 1.064 0.249 0.643
53 1.165 0.124 1.134
179 1.077 0.249 0.642
53 1.155 0.137 1.133
179 1.075 0.271 0.641
53 1.136 0.139 1.133
179 1.071 0.283 0.640
53 1.113 0.136 1.132
179 1.067 0.276 0.641
53 1.088 0.133 1.131
179 1.057 0.272 0.640
53 1.064 0.134 1.130
179 1.041 0.273 0.640
53 1.041 0.135 1.129
179 1.027 0.271 0.640
53 1.027 0.147 1.128
179 1.017 0.266 0.639
53 1.043 0.142 1.128
179 1.009 0.268 0.638
53 1.071 0.140 1.128
179 1.016 0.261 0.637
53 1.096 0.142 1.129
179 1.030 0.258 0.636
53 1.118 0.144 1.130
179 1.041 0.267 0.636
53 1.139 0.147 1.132
179 1.053 0.273 0.637
53 1.161 0.146 1.133
179 1.068 0.273 0.637
53 1.166 0.168 1.133
179 1.082 0.273 0.636
53 1.156 0.181 1.133
179 1.081 0.292 0.635
53 1.136 0.183 1.132
179 1.076 0.304 0.635
53 1.113 0.180 1.131
179 1.072 0.297 0.635
53 1.088 0.178 1.130
179 1.062 0.292 0.635
53 1.064 0.179 1.129
179 1.047 0.293 0.634
53 1.042 0.179 1.129
179 1.033 0.292 0.634
53 1.027 0.192 1.127
179 1.023 0.286 0.633
53 1.043 0.187 1.127
179 1.015 0.288 0.633
53 1.071 0.184 1.128
179 1.021 0.281 0.631
53 1.096 0.186 1.129
179 1.034 0.278 0.631
53 1.118 0.188 1.130
179 1.045 0.286 0.631
53 1.139 0.190 1.131
179 1.057 0.293 0.631
53 1.161 0.189 1.132
179 1.071 0.294 0.631
53 1.165 0.210 1.132
179 1.085 0.293 0.630
53 1.156 0.224 1.132
179 1.085 0.309 0.630
53 1.135 0.226 1.131
179 1.081 0.321 0.629
53 1.111 0.223 1.130
179 1.076 0.316 0.629
53 1.087 0.221 1.129
179 1.066 0.310 0.629
53 1.063 0.222 1.128
179 1.051 0.310 0.628
53 1.040 0.223 1.127
179 1.038 0.309 0.628
53 1.026 0.235 1.126
179 1.028 0.305 0.627
53 1.043 0.230 1.126
179 1.019 0.305 0.627
53 1.070 0.227 1.126
179 1.025 0.299 0.626
53 1.095 0.228 1.127
179 1.037 0.295 0.625
53 1.117 0.230 1.128
179 1.048 0.303 0.625
53 1.138 0.231 1.130
179 1.059 0.310 0.625
53 1.159 0.230 1.131
179 1.073 0.311 0.626
53 1.163 0.251 1.131
179 1.087 0.310 0.625
53 1.153 0.264 1.131
179 1.088 0.324 0.624
53 1.133 0.267 1.130
179 1.084 0.336 0.623
53 1.109 0.265 1.129
179 1.079 0.332 0.623
53 1.085 0.262 1.128
179 1.069 0.326 0.623
53 1.061 0.263 1.127
179 1.055 0.325 0.622
53 1.038 0.264 1.126
179 1.042 0.324 0.622
53 1.024 0.276 1.124
179 1.031 0.320 0.621
53 1.041 0.271 1.124
179 1.023 0.321 0.621
53 1.068 0.268 1.125
179 1.028 0.314 0.620
53 1.092 0.269 1.126
179 1.039 0.311 0.620
53 1.114 0.270 1.127
179 1.050 0.318 0.620
53 1.135 0.270 1.128
179 1.061 0.325 0.620
53 1.156 0.269 1.129
179 1.074 0.327 0.620
53 1.160 0.289 1.129
179 1.088 0.325 0.619
53 1.150 0.303 1.129
179 1.091 0.337 0.618
53 1.129 0.306 1.128
179 1.086 0.349 0.618
53 1.105 0.305 1.127
179 1.081 0.346 0.618
53 1.081 0.302 1.126
179 1.071 0.340 0.617
53 1.058 0.302 1.125
179 1.058 0.338 0.616
53 1.035 0.304 1.124
179 1.045 0.337 0.616
53 1.021 0.315 1.122
179 1.034 0.334 0.615
53 1.038 0.310 1.122
179 1.025 0.334 0.616
53 1.064 0.306 1.123
179 1.029 0.327 0.615
53 1.089 0.306 1.124
179 1.041 0.324 0.614
53 1.111 0.307 1.125
179 1.051 0.331 0.614
53 1.131 0.308 1.126
179 1.062 0.338 0.615
53 1.152 0.306 1.127
179 1.075 0.340 0.615
53 1.157 0.325 1.127
179 1.089 0.339 0.614
53 1.146 0.338 1.126
179 1.093 0.348 0.613
53 1.125 0.342 1.125
179 1.089 0.360 0.613
53 1.101 0.342 1.124
179 1.082 0.358 0.612
53 1.077 0.339 1.123
179 1.073 0.352 0.612
53 1.054 0.339 1.122
179 1.060 0.349 0.611
53 1.032 0.340 1.121
179 1.047 0.348 0.610
53 1.018 0.351 1.119
179 1.036 0.345 0.610
53 1.034 0.347 1.119
179 1.027 0.345 0.610
53 1.060 0.342 1.120
179 1.030 0.339 0.610
53 1.084 0.341 1.121
179 1.042 0.335 0.609
53 1.106 0.341 1.122
179 1.052 0.342 0.610
53 1.126 0.342 1.123
179 1.063 0.349 0.610
53 1.148 0.341 1.125
179 1.075 0.352 0.611
53 1.152 0.357 1.125
179 1.089 0.350 0.610
53 1.141 0.371 1.124
179 1.094 0.358 0.609
53 1.120 0.376 1.123
179 1.090 0.368 0.608
53 1.096 0.376 1.121
179 1.084 0.368 0.607
53 1.073 0.374 1.120
179 1.074 0.363 0.607
53 1.050 0.373 1.119
179 1.061 0.359 0.606
53 1.028 0.374 1.118
179 1.049 0.357 0.605
53 1.014 0.384 1.116
179 1.038 0.355 0.605
53 1.013 0.391 1.085
179 1.029 0.356 0.587
53 1.027 0.387 1.086
179 1.023 0.363 0.587
53 1.050 0.384 1.087
179 1.027 0.361 0.588
53 1.074 0.384 1.089
179 1.037 0.359 0.588
53 1.096 0.385 1.091
179 1.045 0.366 0.589
53 1.117 0.386 1.092
179 1.053 0.372 0.589
53 1.138 0.384 1.094
179 1.063 0.375 0.590
53 1.151 0.371 1.095
179 1.074 0.376 0.589
53 1.139 0.376 1.094
179 1.083 0.377 0.588
53 1.117 0.384 1.092
179 1.080 0.385 0.587
53 1.093 0.387 1.091
179 1.069 0.391 0.587
53 1.069 0.386 1.090
179 1.059 0.386 0.586
53 1.047 0.385 1.089
179 1.048 0.381 0.585
53 1.024 0.387 1.088
179 1.037 0.381 0.584
53 1.021 0.362 1.087
179 1.028 0.382 0.585
53 1.032 0.350 1.087
179 1.028 0.370 0.585
53 1.053 0.349 1.088
179 1.028 0.366 0.586
53 1.076 0.352 1.089
179 1.030 0.371 0.586
53 1.101 0.354 1.091
179 1.039 0.375 0.586
53 1.125 0.353 1.093
179 1.053 0.377 0.586
53 1.146 0.352 1.094
179 1.067 0.380 0.587
53 1.159 0.338 1.095
179 1.078 0.384 0.587
53 1.147 0.343 1.094
179 1.089 0.383 0.585
53 1.125 0.350 1.093
179 1.086 0.390 0.585
53 1.101 0.351 1.092
179 1.074 0.395 0.585
53 1.077 0.350 1.091
179 1.063 0.389 0.584
53 1.054 0.349 1.090
179 1.051 0.385 0.584
53 1.031 0.351 1.089
179 1.040 0.385 0.584
53 1.029 0.325 1.088
179 1.032 0.384 0.584
53 1.040 0.314 1.088
179 1.031 0.370 0.585
53 1.060 0.313 1.089
179 1.030 0.367 0.585
53 1.084 0.316 1.090
179 1.032 0.373 0.585
53 1.109 0.318 1.092
179 1.043 0.374 0.586
53 1.132 0.317 1.093
179 1.058 0.375 0.586
53 1.153 0.317 1.095
179 1.071 0.379 0.587
53 1.167 0.302 1.096
179 1.083 0.382 0.587
53 1.155 0.306 1.095
179 1.096 0.379 0.586
53 1.133 0.312 1.094
179 1.092 0.387 0.586
53 1.109 0.313 1.093
179 1.080 0.393 0.586
53 1.085 0.311 1.092
179 1.068 0.385 0.586
53 1.062 0.311 1.091
179 1.056 0.381 0.586
53 1.039 0.313 1.090
179 1.044 0.381 0.586
53 1.036 0.286 1.090
179 1.036 0.380 0.586
53 1.047 0.276 1.089
179 1.034 0.363 0.587
53 1.067 0.276 1.090
179 1.031 0.361 0.588
53 1.090 0.279 1.091
179 1.034 0.367 0.588
53 1.115 0.280 1.093
179 1.046 0.367 0.588
53 1.139 0.279 1.094
179 1.062 0.368 0.589
53 1.160 0.280 1.096
179 1.075 0.372 0.590
53 1.173 0.264 1.097
179 1.089 0.374 0.590
53 1.162 0.268 1.096
179 1.102 0.369 0.589
53 1.140 0.272 1.095
179 1.097 0.379 0.589
53 1.116 0.274 1.094
179 1.085 0.384 0.589
53 1.092 0.272 1.093
179 1.072 0.376 0.590
53 1.068 0.271 1.092
179 1.058 0.372 0.590
53 1.045 0.273 1.091
179 1.046 0.372 0.590
53 1.041 0.247 1.091
179 1.037 0.369 0.591
53 1.052 0.237 1.091
179 1.035 0.350 0.591
53 1.072 0.237 1.091
179 1.031 0.348 0.592
53 1.095 0.241 1.092
179 1.034 0.355 0.592
53 1.120 0.241 1.094
179 1.048 0.354 0.592
53 1.143 0.241 1.096
179 1.065 0.355 0.593
53 1.165 0.242 1.097
179 1.079 0.359 0.594
53 1.178 0.226 1.098
179 1.093 0.361 0.594
53 1.166 0.228 1.098
179 1.106 0.353 0.594
53 1.145 0.232 1.097
179 1.101 0.364 0.594
53 1.121 0.234 1.096
179 1.088 0.371 0.595
53 1.096 0.231 1.095
179 1.074 0.362 0.595
53 1.072 0.230 1.094
179 1.059 0.357 0.595
53 1.048 0.232 1.093
179 1.046 0.358 0.595
53 1.044 0.206 1.093
179 1.037 0.354 0.596
53 1.055 0.197 1.093
179 1.033 0.332 0.597
53 1.075 0.197 1.093
179 1.030 0.331 0.597
53 1.098 0.201 1.094
179 1.034 0.338 0.597
53 1.123 0.202 1.096
179 1.049 0.337 0.598
53 1.146 0.201 1.097
179 1.067 0.338 0.598
53 1.168 0.203 1.099
179 1.081 0.342 0.599
53 1.181 0.186 1.100
179 1.095 0.343 0.600
53 1.169 0.188 1.100
179 1.109 0.334 0.600
53 1.148 0.191 1.099
179 1.104 0.345 0.600
53 1.123 0.193 1.098
179 1.088 0.352 0.601
53 1.098 0.190 1.097
179 1.073 0.344 0.601
53 1.074 0.188 1.096
179 1.057 0.339 0.602
53 1.050 0.190 1.095
179 1.043 0.339 0.602
53 1.045 0.165 1.095
179 1.034 0.334 0.603
53 1.057 0.156 1.094
179 1.030 0.311 0.603
53 1.077 0.157 1.095
179 1.028 0.309 0.603
53 1.100 0.161 1.096
179 1.032 0.317 0.603
53 1.124 0.161 1.097
179 1.049 0.317 0.604
53 1.148 0.161 1.099
179 1.067 0.317 0.605
53 1.169 0.163 1.101
179 1.082 0.321 0.606
53 1.182 0.146 1.102
179 1.096 0.322 0.606
53 1.171 0.147 1.102
179 1.110 0.311 0.606
53 1.149 0.150 1.101
179 1.104 0.322 0.607
53 1.124 0.152 1.100
179 1.087 0.330 0.608
53 1.099 0.148 1.099
179 1.070 0.322 0.608
53 1.075 0.146 1.098
179 1.053 0.316 0.609
53 1.051 0.147 1.097
179 1.039 0.317 0.609
53 1.045 0.123 1.097
179 1.029 0.312 0.610
53 1.057 0.114 1.096
179 1.026 0.286 0.610
53 1.078 0.115 1.097
179 1.025 0.285 0.610
53 1.100 0.120 1.098
179 1.030 0.293 0.610
53 1.125 0.120 1.099
179 1.048 0.293 0.610
53 1.148 0.121 1.101
179 1.067 0.293 0.611
53 1.170 0.122 1.103
179 1.082 0.297 0.612
53 1.182 0.106 1.104
179 1.097 0.297 0.613
53 1.170 0.106 1.104
179 1.110 0.285 0.613
53 1.148 0.108 1.103
179 1.103 0.296 0.614
53 1.123 0.110 1.102
179 1.085 0.305 0.615
53 1.098 0.107 1.101
179 1.066 0.297 0.615
53 1.074 0.104 1.100
179 1.049 0.290 0.616
53 1.050 0.105 1.099
179 1.034 0.291 0.616
53 1.044 0.081 1.099
179 1.024 0.286 0.617
53 1.057 0.073 1.099
179 1.021 0.260 0.617
53 1.078 0.074 1.099
179 1.021 0.257 0.616
53 1.101 0.079 1.100
179 1.028 0.266 0.616
53 1.124 0.079 1.101
179 1.046 0.267 0.617
53 1.148 0.080 1.103
179 1.066 0.267 0.618
53 1.170 0.082 1.105
179 1.081 0.270 0.619
53 1.182 0.065 1.106
179 1.096 0.270 0.620
53 1.170 0.064 1.106
179 1.109 0.257 0.620
53 1.147 0.066 1.105
179 1.101 0.268 0.621
53 1.122 0.068 1.104
179 1.081 0.276 0.622
53 1.096 0.064 1.103
179 1.061 0.270 0.622
53 1.072 0.062 1.102
179 1.043 0.262 0.623
53 1.049 0.062 1.102
179 1.027 0.262 0.623
53 1.043 0.039 1.101
179 1.017 0.258 0.623
53 1.055 0.031 1.100
179 1.016 0.231 0.623
53 1.077 0.032 1.101
179 1.017 0.229 0.623
53 1.100 0.037 1.102
179 1.025 0.237 0.623
53 1.123 0.038 1.104
179 1.044 0.239 0.624
53 1.147 0.039 1.105
179 1.064 0.239 0.625
53 1.169 0.041 1.107
179 1.079 0.241 0.626
53 1.181 0.024 1.109
179 1.094 0.241 0.626
53 1.168 0.023 1.108
179 1.106 0.227 0.627
53 1.145 0.024 1.107
179 1.097 0.237 0.628
53 1.119 0.025 1.106
179 1.076 0.246 0.629
53 1.094 0.022 1.105
179 1.055 0.240 0.629
53 1.069 0.019 1.104
179 1.036 0.232 0.629
53 1.046 0.019 1.103
179 1.021 0.232 0.629
53 1.040 -0.003 1.103
179 1.011 0.227 0.630
53 1.053 -0.010 1.103
179 1.010 0.201 0.630
53 1.076 -0.010 1.103
179 1.013 0.198 0.629
53 1.099 -0.005 1.104
179 1.022 0.206 0.629
53 1.121 -0.003 1.106
179 1.040 0.209 0.630
53 1.144 -0.003 1.108
179 1.061 0.209 0.631
53 1.167 -0.000 1.109
179 1.077 0.211 0.632
53 1.178 -0.017 1.111
179 1.091 0.210 0.633
53 1.165 -0.019 1.111
179 1.103 0.196 0.634
53 1.142 -0.018 1.110
179 1.093 0.205 0.635
53 1.116 -0.017 1.109
179 1.070 0.214 0.636
53 1.090 -0.020 1.107
179 1.048 0.209 0.636
53 1.066 -0.023 1.106
179 1.029 0.201 0.636
53 1.043 -0.024 1.105
179 1.014 0.200 0.636
53 1.037 -0.045 1.105
179 1.003 0.195 0.636
53 1.040 -0.048 1.076
179 1.003 0.173 0.619
