53 1.104 -0.211 1.262
179 1.111 -0.101 0.733
53 1.106 -0.226 1.258
179 1.109 -0.141 0.731
53 1.115 -0.238 1.256
179 1.123 -0.162 0.729
53 1.134 -0.246 1.256
179 1.148 -0.166 0.726
53 1.165 -0.244 1.256
179 1.175 -0.162 0.724
53 1.201 -0.234 1.256
179 1.203 -0.155 0.723
53 1.235 -0.220 1.257
179 1.230 -0.145 0.721
53 1.265 -0.208 1.258
179 1.257 -0.133 0.721
53 1.290 -0.200 1.258
179 1.281 -0.121 0.721
53 1.306 -0.187 1.259
179 1.304 -0.113 0.721
53 1.305 -0.177 1.261
179 1.325 -0.102 0.721
53 1.289 -0.177 1.262
179 1.337 -0.092 0.722
53 1.267 -0.177 1.262
179 1.331 -0.089 0.724
53 1.244 -0.177 1.262
179 1.311 -0.092 0.726
53 1.219 -0.177 1.261
179 1.282 -0.097 0.726
53 1.193 -0.178 1.260
179 1.251 -0.103 0.727
53 1.167 -0.180 1.260
179 1.218 -0.109 0.727
53 1.140 -0.183 1.258
179 1.186 -0.114 0.727
53 1.115 -0.185 1.257
179 1.156 -0.117 0.726
53 1.095 -0.180 1.252
179 1.128 -0.119 0.723
53 1.085 -0.175 1.250
179 1.103 -0.115 0.723
53 1.086 -0.172 1.249
179 1.086 -0.105 0.722
53 1.100 -0.168 1.249
179 1.080 -0.092 0.723
53 1.123 -0.162 1.250
179 1.088 -0.082 0.722
53 1.149 -0.155 1.252
179 1.107 -0.076 0.722
53 1.177 -0.148 1.253
179 1.133 -0.075 0.723
53 1.204 -0.144 1.254
179 1.162 -0.074 0.723
53 1.230 -0.142 1.255
179 1.193 -0.075 0.724
53 1.255 -0.140 1.257
179 1.223 -0.077 0.725
53 1.275 -0.133 1.257
179 1.253 -0.081 0.724
53 1.285 -0.127 1.258
179 1.282 -0.083 0.723
53 1.286 -0.128 1.260
179 1.310 -0.081 0.722
53 1.278 -0.133 1.261
179 1.330 -0.078 0.722
53 1.263 -0.139 1.262
179 1.337 -0.078 0.723
53 1.241 -0.142 1.261
179 1.327 -0.082 0.724
53 1.218 -0.142 1.260
179 1.303 -0.086 0.725
53 1.194 -0.141 1.259
179 1.273 -0.090 0.725
53 1.168 -0.140 1.258
179 1.241 -0.093 0.725
53 1.143 -0.139 1.257
179 1.210 -0.096 0.725
53 1.125 -0.132 1.253
179 1.178 -0.099 0.724
53 1.115 -0.127 1.250
179 1.148 -0.100 0.723
53 1.110 -0.124 1.248
179 1.120 -0.096 0.722
53 1.110 -0.123 1.247
179 1.098 -0.089 0.721
53 1.118 -0.122 1.247
179 1.085 -0.078 0.721
53 1.134 -0.120 1.248
179 1.084 -0.067 0.721
53 1.156 -0.114 1.249
179 1.096 -0.058 0.721
53 1.181 -0.108 1.251
179 1.119 -0.054 0.722
53 1.206 -0.101 1.252
179 1.146 -0.051 0.722
53 1.231 -0.096 1.253
179 1.176 -0.049 0.723
53 1.249 -0.086 1.253
179 1.207 -0.050 0.723
53 1.259 -0.076 1.254
179 1.238 -0.050 0.722
53 1.265 -0.072 1.256
179 1.266 -0.047 0.722
53 1.265 -0.071 1.257
179 1.293 -0.043 0.722
53 1.259 -0.074 1.259
179 1.316 -0.041 0.722
53 1.247 -0.079 1.260
179 1.330 -0.040 0.723
53 1.227 -0.084 1.259
179 1.328 -0.044 0.725
53 1.207 -0.088 1.258
179 1.309 -0.050 0.725
53 1.184 -0.090 1.257
179 1.282 -0.055 0.726
53 1.161 -0.091 1.256
179 1.252 -0.060 0.726
53 1.145 -0.085 1.253
179 1.221 -0.067 0.725
53 1.139 -0.080 1.251
179 1.191 -0.072 0.724
53 1.137 -0.078 1.249
179 1.164 -0.074 0.723
53 1.137 -0.076 1.248
179 1.140 -0.074 0.722
53 1.138 -0.076 1.247
179 1.118 -0.073 0.721
53 1.143 -0.076 1.246
179 1.103 -0.069 0.721
53 1.154 -0.076 1.247
179 1.096 -0.062 0.721
53 1.171 -0.073 1.248
179 1.100 -0.053 0.721
53 1.193 -0.069 1.249
179 1.116 -0.046 0.721
53 1.215 -0.064 1.250
179 1.139 -0.040 0.722
53 1.231 -0.053 1.251
179 1.167 -0.037 0.722
53 1.237 -0.043 1.251
179 1.196 -0.034 0.721
53 1.239 -0.035 1.252
179 1.222 -0.029 0.721
53 1.240 -0.029 1.253
179 1.246 -0.023 0.721
53 1.238 -0.024 1.254
179 1.267 -0.017 0.721
53 1.234 -0.022 1.255
179 1.287 -0.012 0.721
53 1.225 -0.022 1.256
179 1.304 -0.008 0.723
53 1.209 -0.024 1.257
179 1.312 -0.005 0.724
53 1.190 -0.026 1.256
179 1.304 -0.005 0.725
53 1.170 -0.028 1.255
179 1.283 -0.008 0.726
53 1.159 -0.023 1.253
179 1.256 -0.013 0.726
53 1.158 -0.020 1.252
179 1.229 -0.017 0.725
53 1.162 -0.018 1.250
179 1.206 -0.018 0.724
53 1.165 -0.017 1.249
179 1.187 -0.018 0.723
53 1.170 -0.016 1.248
179 1.169 -0.019 0.722
53 1.174 -0.015 1.247
179 1.153 -0.019 0.721
53 1.179 -0.015 1.247
179 1.138 -0.019 0.721
53 1.186 -0.014 1.246
179 1.126 -0.019 0.721
53 1.195 -0.014 1.247
179 1.120 -0.018 0.721
53 1.209 -0.014 1.248
179 1.123 -0.016 0.722
53 1.220 -0.006 1.249
179 1.136 -0.016 0.722
53 1.221 -0.001 1.249
179 1.157 -0.016 0.721
53 1.217 0.002 1.249
179 1.178 -0.013 0.721
53 1.212 0.005 1.249
179 1.195 -0.011 0.721
53 1.206 0.007 1.250
179 1.210 -0.008 0.720
53 1.200 0.009 1.250
179 1.222 -0.006 0.720
53 1.194 0.011 1.251
179 1.233 -0.004 0.721
53 1.186 0.013 1.252
179 1.243 -0.002 0.721
53 1.177 0.014 1.252
179 1.251 -0.000 0.722
53 1.164 0.016 1.253
179 1.257 0.002 0.724
53 1.157 0.024 1.252
179 1.255 0.002 0.725
53 1.162 0.028 1.251
179 1.247 0.003 0.726
53 1.174 0.029 1.251
179 1.240 0.006 0.725
53 1.187 0.030 1.250
179 1.236 0.007 0.724
53 1.200 0.031 1.250
179 1.233 0.009 0.723
53 1.213 0.031 1.250
179 1.232 0.011 0.722
53 1.226 0.032 1.250
179 1.232 0.012 0.721
53 1.239 0.032 1.249
179 1.234 0.013 0.721
53 1.251 0.032 1.249
179 1.236 0.014 0.721
53 1.263 0.032 1.249
179 1.239 0.014 0.721
53 1.272 0.041 1.250
179 1.243 0.013 0.721
53 1.272 0.048 1.251
179 1.251 0.012 0.720
53 1.267 0.053 1.252
179 1.259 0.013 0.720
53 1.258 0.057 1.253
179 1.267 0.014 0.720
53 1.245 0.060 1.254
179 1.274 0.016 0.721
53 1.231 0.063 1.254
179 1.278 0.018 0.722
53 1.215 0.066 1.254
179 1.280 0.022 0.723
53 1.198 0.067 1.254
179 1.277 0.026 0.724
53 1.181 0.069 1.254
179 1.270 0.031 0.725
53 1.161 0.070 1.253
179 1.258 0.037 0.725
53 1.149 0.078 1.252
179 1.240 0.040 0.726
53 1.148 0.081 1.251
179 1.220 0.043 0.726
53 1.153 0.082 1.249
179 1.203 0.046 0.725
53 1.159 0.083 1.248
179 1.188 0.049 0.723
53 1.166 0.085 1.247
179 1.175 0.051 0.722
53 1.173 0.087 1.247
179 1.163 0.054 0.721
53 1.181 0.090 1.246
179 1.153 0.055 0.721
53 1.190 0.093 1.246
179 1.145 0.056 0.721
53 1.201 0.096 1.246
179 1.141 0.057 0.721
53 1.215 0.098 1.247
179 1.143 0.059 0.721
53 1.225 0.106 1.248
179 1.152 0.059 0.721
53 1.225 0.109 1.248
179 1.168 0.058 0.721
53 1.220 0.109 1.248
179 1.185 0.060 0.720
53 1.213 0.109 1.249
179 1.199 0.060 0.720
53 1.206 0.109 1.249
179 1.211 0.062 0.720
53 1.198 0.110 1.250
179 1.221 0.063 0.720
53 1.190 0.112 1.251
179 1.230 0.065 0.721
53 1.180 0.115 1.251
179 1.237 0.068 0.722
53 1.168 0.119 1.252
179 1.242 0.072 0.722
53 1.154 0.123 1.252
179 1.243 0.077 0.723
53 1.145 0.135 1.252
179 1.236 0.082 0.725
53 1.148 0.140 1.251
179 1.223 0.086 0.725
53 1.157 0.140 1.250
179 1.211 0.090 0.724
53 1.167 0.141 1.249
179 1.201 0.092 0.722
53 1.178 0.142 1.248
179 1.193 0.093 0.721
53 1.188 0.143 1.247
179 1.187 0.093 0.720
53 1.198 0.144 1.247
179 1.182 0.092 0.720
53 1.208 0.144 1.247
179 1.178 0.090 0.719
53 1.218 0.144 1.247
179 1.177 0.089 0.720
53 1.230 0.143 1.247
179 1.178 0.088 0.720
53 1.239 0.152 1.248
179 1.184 0.086 0.720
53 1.239 0.156 1.249
179 1.195 0.086 0.720
53 1.234 0.157 1.250
179 1.207 0.088 0.720
53 1.226 0.159 1.250
179 1.218 0.089 0.720
53 1.216 0.161 1.251
179 1.227 0.091 0.721
53 1.205 0.164 1.251
179 1.235 0.093 0.721
53 1.192 0.168 1.252
179 1.240 0.097 0.722
53 1.179 0.172 1.252
179 1.241 0.102 0.722
53 1.164 0.175 1.252
179 1.239 0.107 0.723
53 1.148 0.177 1.252
179 1.231 0.113 0.723
53 1.135 0.188 1.252
179 1.216 0.116 0.725
53 1.133 0.193 1.251
179 1.196 0.120 0.725
53 1.138 0.191 1.249
179 1.178 0.121 0.723
53 1.144 0.191 1.248
179 1.163 0.118 0.722
53 1.152 0.191 1.247
179 1.151 0.113 0.721
53 1.161 0.192 1.246
179 1.143 0.108 0.721
53 1.172 0.190 1.246
179 1.140 0.102 0.721
53 1.188 0.187 1.247
179 1.144 0.100 0.721
53 1.206 0.184 1.247
179 1.153 0.099 0.721
53 1.227 0.183 1.248
179 1.168 0.102 0.721
53 1.244 0.193 1.250
179 1.189 0.103 0.722
53 1.250 0.202 1.251
179 1.215 0.109 0.721
53 1.250 0.207 1.253
179 1.240 0.118 0.721
53 1.246 0.214 1.254
179 1.262 0.125 0.721
53 1.236 0.221 1.254
179 1.278 0.131 0.722
53 1.224 0.227 1.255
179 1.286 0.136 0.722
53 1.209 0.229 1.255
179 1.282 0.139 0.722
53 1.189 0.229 1.254
179 1.267 0.141 0.723
53 1.165 0.227 1.254
179 1.243 0.142 0.723
53 1.139 0.226 1.253
179 1.215 0.143 0.723
53 1.118 0.234 1.253
179 1.184 0.140 0.724
53 1.107 0.238 1.250
179 1.150 0.139 0.724
53 1.104 0.237 1.248
179 1.123 0.135 0.723
53 1.109 0.237 1.247
179 1.103 0.127 0.723
53 1.122 0.236 1.247
179 1.098 0.121 0.722
53 1.143 0.233 1.247
179 1.107 0.119 0.722
53 1.168 0.230 1.248
179 1.128 0.121 0.722
53 1.195 0.228 1.249
179 1.156 0.125 0.722
53 1.221 0.227 1.250
179 1.185 0.131 0.722
53 1.246 0.227 1.251
179 1.214 0.136 0.722
53 1.265 0.242 1.253
179 1.242 0.137 0.722
53 1.272 0.256 1.255
179 1.271 0.143 0.722
53 1.270 0.264 1.256
179 1.294 0.151 0.722
53 1.259 0.269 1.256
179 1.306 0.158 0.722
53 1.241 0.272 1.256
179 1.302 0.161 0.722
53 1.219 0.272 1.255
179 1.282 0.162 0.722
53 1.193 0.269 1.255
179 1.253 0.162 0.722
53 1.164 0.267 1.254
179 1.219 0.162 0.723
53 1.135 0.266 1.253
179 1.186 0.161 0.723
53 1.108 0.265 1.251
179 1.155 0.158 0.723
53 1.086 0.277 1.251
179 1.127 0.150 0.724
53 1.080 0.283 1.249
179 1.102 0.150 0.724
53 1.089 0.283 1.248
179 1.089 0.152 0.723
53 1.108 0.283 1.248
179 1.094 0.153 0.722
53 1.132 0.282 1.248
179 1.115 0.154 0.722
53 1.160 0.279 1.249
179 1.144 0.156 0.722
53 1.189 0.277 1.251
179 1.176 0.160 0.722
53 1.217 0.277 1.252
179 1.207 0.164 0.721
53 1.244 0.277 1.252
179 1.237 0.166 0.721
53 1.268 0.276 1.253
179 1.263 0.165 0.721
53 1.287 0.266 1.253
179 1.286 0.163 0.719
53 1.291 0.258 1.254
179 1.306 0.153 0.718
53 1.277 0.260 1.256
179 1.317 0.143 0.719
53 1.255 0.261 1.256
179 1.312 0.143 0.721
53 1.230 0.260 1.255
179 1.292 0.147 0.722
53 1.204 0.260 1.254
179 1.264 0.152 0.723
53 1.178 0.262 1.254
179 1.233 0.158 0.723
53 1.153 0.265 1.253
179 1.201 0.163 0.723
53 1.128 0.268 1.252
179 1.171 0.164 0.722
53 1.103 0.268 1.250
179 1.144 0.161 0.721
53 1.086 0.256 1.247
179 1.122 0.155 0.720
53 1.081 0.241 1.245
179 1.104 0.142 0.720
53 1.090 0.235 1.245
179 1.094 0.126 0.720
53 1.109 0.232 1.245
179 1.095 0.115 0.720
53 1.134 0.229 1.246
179 1.107 0.113 0.720
53 1.160 0.227 1.247
179 1.127 0.117 0.720
53 1.184 0.227 1.248
179 1.151 0.123 0.720
53 1.208 0.228 1.249
179 1.178 0.129 0.721
53 1.230 0.230 1.250
179 1.205 0.136 0.721
53 1.252 0.232 1.250
179 1.231 0.141 0.721
53 1.270 0.225 1.250
179 1.256 0.145 0.719
53 1.278 0.220 1.251
179 1.280 0.144 0.717
53 1.276 0.220 1.253
179 1.300 0.137 0.717
53 1.265 0.222 1.254
179 1.312 0.129 0.718
53 1.248 0.222 1.254
179 1.312 0.126 0.719
53 1.225 0.220 1.254
179 1.299 0.127 0.721
53 1.201 0.218 1.254
179 1.277 0.130 0.722
53 1.176 0.218 1.253
179 1.249 0.134 0.722
53 1.150 0.219 1.252
179 1.219 0.138 0.723
53 1.125 0.221 1.251
179 1.189 0.141 0.722
53 1.108 0.215 1.248
179 1.159 0.144 0.721
53 1.100 0.207 1.245
179 1.131 0.141 0.719
53 1.098 0.203 1.243
179 1.110 0.130 0.718
53 1.103 0.200 1.242
179 1.096 0.115 0.718
53 1.117 0.195 1.243
179 1.092 0.102 0.718
53 1.137 0.189 1.244
179 1.098 0.094 0.719
53 1.162 0.183 1.245
179 1.114 0.091 0.719
53 1.187 0.179 1.246
179 1.137 0.092 0.719
53 1.212 0.177 1.247
179 1.163 0.095 0.720
53 1.236 0.177 1.249
179 1.191 0.098 0.721
53 1.253 0.169 1.249
179 1.219 0.104 0.720
53 1.262 0.163 1.250
179 1.247 0.107 0.719
53 1.264 0.163 1.251
179 1.273 0.106 0.718
53 1.261 0.167 1.253
179 1.295 0.104 0.718
53 1.252 0.172 1.254
179 1.311 0.102 0.719
53 1.236 0.177 1.254
179 1.316 0.103 0.720
53 1.216 0.178 1.254
179 1.307 0.107 0.721
53 1.194 0.177 1.253
179 1.287 0.111 0.722
53 1.171 0.176 1.253
179 1.260 0.115 0.722
53 1.146 0.176 1.252
179 1.231 0.119 0.723
53 1.130 0.169 1.249
179 1.200 0.124 0.721
53 1.123 0.163 1.246
179 1.171 0.125 0.720
53 1.120 0.160 1.244
179 1.144 0.122 0.718
53 1.120 0.158 1.242
179 1.123 0.114 0.717
53 1.124 0.157 1.242
179 1.107 0.103 0.717
53 1.133 0.155 1.242
179 1.097 0.092 0.717
53 1.148 0.150 1.243
179 1.097 0.082 0.718
53 1.169 0.144 1.244
179 1.107 0.075 0.718
53 1.192 0.138 1.245
179 1.125 0.072 0.719
53 1.216 0.134 1.246
179 1.149 0.071 0.719
53 1.231 0.123 1.247
179 1.177 0.073 0.719
53 1.238 0.113 1.247
179 1.204 0.074 0.718
53 1.241 0.108 1.248
179 1.229 0.071 0.718
53 1.241 0.107 1.250
179 1.252 0.068 0.718
53 1.237 0.108 1.251
179 1.272 0.066 0.719
53 1.230 0.112 1.253
179 1.289 0.064 0.720
53 1.218 0.116 1.253
179 1.300 0.065 0.721
53 1.200 0.121 1.253
179 1.301 0.070 0.722
53 1.181 0.124 1.253
179 1.290 0.076 0.723
53 1.160 0.125 1.252
179 1.269 0.083 0.724
53 1.149 0.119 1.250
179 1.242 0.091 0.723
53 1.148 0.115 1.248
179 1.217 0.096 0.722
53 1.150 0.112 1.246
179 1.195 0.098 0.721
53 1.154 0.111 1.245
179 1.175 0.098 0.719
53 1.158 0.111 1.244
179 1.159 0.097 0.718
53 1.162 0.112 1.243
179 1.145 0.094 0.717
53 1.168 0.112 1.242
179 1.134 0.089 0.717
53 1.177 0.111 1.243
179 1.127 0.084 0.717
53 1.189 0.109 1.243
179 1.125 0.079 0.718
53 1.205 0.106 1.244
179 1.130 0.074 0.718
53 1.216 0.096 1.245
179 1.143 0.072 0.718
53 1.217 0.087 1.245
179 1.161 0.069 0.718
53 1.213 0.080 1.245
179 1.179 0.064 0.717
53 1.207 0.074 1.246
179 1.194 0.059 0.717
53 1.201 0.070 1.246
179 1.206 0.054 0.717
53 1.194 0.067 1.247
179 1.216 0.050 0.717
53 1.187 0.065 1.247
179 1.225 0.047 0.718
53 1.178 0.064 1.248
179 1.232 0.044 0.719
53 1.167 0.064 1.249
179 1.238 0.043 0.720
53 1.153 0.065 1.250
179 1.241 0.042 0.721
53 1.147 0.059 1.249
179 1.237 0.045 0.723
53 1.153 0.055 1.248
179 1.231 0.048 0.723
53 1.164 0.054 1.247
179 1.226 0.049 0.722
53 1.176 0.053 1.247
179 1.223 0.049 0.721
53 1.189 0.052 1.247
179 1.222 0.049 0.720
53 1.202 0.053 1.246
179 1.222 0.049 0.720
53 1.215 0.053 1.246
179 1.224 0.050 0.719
53 1.228 0.054 1.246
179 1.227 0.051 0.719
53 1.241 0.055 1.246
179 1.230 0.052 0.719
53 1.254 0.055 1.246
179 1.234 0.054 0.718
53 1.263 0.049 1.247
179 1.239 0.057 0.718
53 1.265 0.045 1.248
179 1.247 0.061 0.717
53 1.261 0.042 1.249
179 1.256 0.063 0.717
53 1.252 0.041 1.250
179 1.265 0.065 0.717
53 1.241 0.039 1.251
179 1.272 0.067 0.717
53 1.226 0.038 1.251
179 1.277 0.067 0.718
53 1.210 0.038 1.251
179 1.278 0.067 0.719
53 1.192 0.038 1.251
179 1.274 0.066 0.720
53 1.173 0.038 1.251
179 1.265 0.063 0.721
53 1.154 0.038 1.250
179 1.251 0.059 0.722
53 1.141 0.029 1.250
179 1.234 0.057 0.724
53 1.140 0.025 1.248
179 1.214 0.055 0.724
53 1.145 0.024 1.247
179 1.197 0.052 0.723
53 1.152 0.022 1.246
179 1.184 0.050 0.722
53 1.159 0.021 1.246
179 1.172 0.049 0.721
53 1.167 0.019 1.245
179 1.162 0.048 0.720
53 1.176 0.018 1.245
179 1.153 0.048 0.720
53 1.186 0.016 1.245
179 1.146 0.047 0.720
53 1.197 0.015 1.245
179 1.142 0.045 0.720
53 1.211 0.013 1.246
179 1.142 0.041 0.720
53 1.222 0.003 1.247
179 1.149 0.038 0.721
53 1.222 -0.004 1.247
179 1.163 0.034 0.720
53 1.216 -0.006 1.247
179 1.178 0.027 0.719
53 1.208 -0.009 1.248
179 1.191 0.021 0.719
53 1.200 -0.012 1.248
179 1.201 0.017 0.719
53 1.191 -0.015 1.248
179 1.209 0.014 0.719
53 1.181 -0.017 1.248
179 1.215 0.011 0.720
53 1.171 -0.020 1.249
179 1.220 0.009 0.720
53 1.160 -0.022 1.249
179 1.224 0.007 0.721
53 1.147 -0.025 1.249
179 1.226 0.006 0.722
53 1.139 -0.034 1.250
179 1.224 0.005 0.724
53 1.141 -0.038 1.250
179 1.216 0.004 0.725
53 1.151 -0.038 1.249
179 1.209 0.001 0.725
53 1.162 -0.037 1.248
179 1.205 0.001 0.724
53 1.174 -0.037 1.248
179 1.202 0.000 0.723
53 1.187 -0.037 1.248
179 1.201 0.001 0.723
53 1.199 -0.037 1.248
179 1.200 0.001 0.722
53 1.212 -0.037 1.248
179 1.200 0.002 0.722
53 1.224 -0.037 1.248
179 1.200 0.003 0.722
53 1.237 -0.037 1.248
179 1.202 0.004 0.722
53 1.246 -0.046 1.250
179 1.205 0.006 0.722
53 1.247 -0.053 1.251
179 1.212 0.007 0.722
53 1.242 -0.056 1.251
179 1.221 0.005 0.722
53 1.233 -0.058 1.252
179 1.229 0.003 0.722
53 1.221 -0.061 1.252
179 1.235 0.002 0.722
53 1.208 -0.064 1.252
179 1.239 -0.000 0.723
53 1.193 -0.067 1.252
179 1.242 -0.003 0.723
53 1.178 -0.069 1.252
179 1.241 -0.007 0.724
53 1.162 -0.072 1.252
179 1.238 -0.013 0.725
53 1.145 -0.074 1.251
179 1.232 -0.019 0.725
53 1.133 -0.085 1.253
179 1.221 -0.024 0.727
53 1.133 -0.090 1.251
179 1.205 -0.030 0.728
53 1.140 -0.090 1.250
179 1.191 -0.037 0.727
53 1.148 -0.091 1.249
179 1.180 -0.041 0.726
53 1.157 -0.093 1.249
179 1.171 -0.044 0.724
53 1.167 -0.096 1.248
179 1.163 -0.047 0.723
53 1.177 -0.099 1.248
179 1.156 -0.050 0.723
53 1.187 -0.102 1.248
179 1.153 -0.053 0.722
53 1.199 -0.105 1.248
179 1.152 -0.055 0.722
53 1.213 -0.107 1.248
179 1.154 -0.058 0.722
53 1.223 -0.116 1.249
179 1.162 -0.058 0.722
53 1.224 -0.121 1.250
179 1.177 -0.061 0.722
53 1.219 -0.122 1.250
179 1.192 -0.065 0.721
53 1.212 -0.124 1.251
179 1.205 -0.067 0.721
53 1.204 -0.126 1.251
179 1.216 -0.070 0.721
53 1.195 -0.128 1.252
179 1.226 -0.073 0.722
53 1.185 -0.131 1.252
179 1.234 -0.076 0.722
53 1.173 -0.135 1.253
179 1.239 -0.080 0.723
53 1.160 -0.140 1.253
179 1.240 -0.086 0.723
53 1.145 -0.144 1.252
179 1.236 -0.092 0.724
53 1.134 -0.154 1.254
179 1.225 -0.096 0.726
53 1.135 -0.159 1.252
179 1.209 -0.100 0.726
53 1.143 -0.159 1.251
179 1.193 -0.103 0.725
53 1.151 -0.159 1.250
179 1.180 -0.103 0.723
53 1.160 -0.159 1.249
179 1.170 -0.102 0.722
53 1.169 -0.160 1.249
179 1.162 -0.098 0.721
53 1.177 -0.159 1.248
179 1.157 -0.094 0.721
53 1.187 -0.158 1.248
179 1.155 -0.090 0.721
53 1.200 -0.156 1.248
179 1.156 -0.087 0.721
53 1.215 -0.154 1.249
179 1.162 -0.086 0.722
53 1.229 -0.162 1.251
179 1.173 -0.084 0.722
53 1.232 -0.167 1.252
179 1.191 -0.085 0.722
53 1.230 -0.169 1.253
179 1.210 -0.089 0.722
53 1.224 -0.172 1.254
179 1.227 -0.093 0.723
53 1.215 -0.177 1.255
179 1.241 -0.098 0.723
53 1.204 -0.182 1.255
179 1.252 -0.104 0.724
53 1.191 -0.188 1.256
179 1.257 -0.112 0.724
53 1.176 -0.192 1.255
179 1.256 -0.119 0.725
53 1.160 -0.195 1.255
179 1.246 -0.124 0.725
53 1.140 -0.197 1.255
179 1.229 -0.128 0.725
53 1.124 -0.206 1.256
179 1.205 -0.129 0.727
53 1.118 -0.209 1.254
179 1.177 -0.130 0.726
53 1.119 -0.205 1.252
179 1.153 -0.126 0.725
53 1.122 -0.204 1.250
179 1.133 -0.119 0.723
53 1.129 -0.203 1.249
179 1.120 -0.109 0.723
53 1.139 -0.201 1.249
179 1.116 -0.101 0.723
53 1.156 -0.198 1.250
179 1.120 -0.097 0.723
53 1.178 -0.195 1.251
179 1.134 -0.097 0.723
53 1.202 -0.193 1.252
179 1.154 -0.101 0.724
53 1.226 -0.192 1.253
179 1.179 -0.106 0.724
53 1.243 -0.181 1.252
179 1.206 -0.113 0.723
53 1.252 -0.174 1.254
179 1.234 -0.116 0.721
53 1.253 -0.175 1.255
179 1.261 -0.115 0.721
53 1.249 -0.182 1.257
179 1.284 -0.114 0.721
53 1.239 -0.188 1.258
179 1.299 -0.112 0.722
53 1.224 -0.192 1.258
179 1.302 -0.113 0.723
53 1.205 -0.191 1.257
179 1.291 -0.114 0.724
53 1.180 -0.188 1.257
179 1.269 -0.116 0.725
53 1.156 -0.186 1.256
179 1.240 -0.118 0.725
53 1.130 -0.185 1.255
179 1.208 -0.119 0.725
53 1.113 -0.174 1.250
179 1.176 -0.120 0.723
53 1.105 -0.166 1.248
179 1.146 -0.118 0.722
53 1.101 -0.162 1.246
179 1.120 -0.110 0.720
53 1.102 -0.161 1.245
179 1.101 -0.097 0.720
53 1.109 -0.161 1.244
179 1.090 -0.083 0.720
53 1.125 -0.158 1.245
179 1.089 -0.072 0.720
53 1.148 -0.152 1.246
179 1.098 -0.067 0.720
53 1.173 -0.146 1.248
179 1.118 -0.065 0.721
53 1.199 -0.141 1.249
179 1.143 -0.065 0.721
53 1.224 -0.138 1.250
179 1.170 -0.067 0.722
53 1.242 -0.126 1.250
179 1.200 -0.072 0.721
53 1.251 -0.118 1.252
179 1.229 -0.076 0.721
53 1.254 -0.118 1.253
179 1.257 -0.076 0.720
53 1.251 -0.123 1.255
179 1.282 -0.075 0.721
53 1.243 -0.130 1.256
179 1.302 -0.077 0.721
53 1.229 -0.138 1.256
179 1.313 -0.081 0.723
53 1.212 -0.142 1.256
179 1.310 -0.086 0.724
53 1.191 -0.144 1.255
179 1.293 -0.091 0.724
53 1.168 -0.143 1.254
179 1.267 -0.094 0.724
53 1.145 -0.142 1.253
179 1.238 -0.097 0.724
53 1.129 -0.132 1.249
179 1.207 -0.100 0.723
53 1.124 -0.123 1.247
179 1.178 -0.102 0.721
53 1.122 -0.119 1.245
179 1.153 -0.100 0.720
53 1.121 -0.118 1.243
179 1.130 -0.095 0.718
53 1.123 -0.119 1.242
179 1.113 -0.087 0.718
53 1.130 -0.119 1.242
179 1.101 -0.078 0.718
53 1.142 -0.118 1.243
179 1.096 -0.068 0.718
53 1.160 -0.115 1.244
179 1.099 -0.060 0.719
53 1.182 -0.109 1.245
179 1.112 -0.055 0.719
53 1.204 -0.103 1.246
179 1.132 -0.051 0.719
53 1.219 -0.088 1.246
179 1.157 -0.050 0.719
53 1.224 -0.075 1.247
179 1.183 -0.048 0.719
53 1.226 -0.068 1.248
179 1.207 -0.044 0.718
53 1.225 -0.065 1.249
179 1.228 -0.040 0.718
53 1.222 -0.064 1.250
179 1.247 -0.036 0.719
53 1.215 -0.067 1.252
179 1.263 -0.033 0.720
53 1.205 -0.071 1.253
179 1.277 -0.032 0.721
53 1.192 -0.076 1.253
179 1.284 -0.035 0.723
53 1.173 -0.081 1.253
179 1.282 -0.040 0.724
53 1.154 -0.084 1.251
179 1.269 -0.046 0.725
53 1.147 -0.077 1.249
179 1.249 -0.054 0.724
53 1.151 -0.071 1.247
179 1.230 -0.059 0.723
53 1.158 -0.067 1.246
179 1.214 -0.060 0.722
53 1.166 -0.065 1.245
179 1.202 -0.062 0.720
53 1.174 -0.064 1.245
179 1.192 -0.063 0.719
53 1.182 -0.065 1.244
179 1.183 -0.065 0.718
53 1.190 -0.066 1.243
179 1.176 -0.066 0.717
53 1.198 -0.068 1.243
179 1.170 -0.067 0.717
53 1.206 -0.070 1.243
179 1.166 -0.068 0.717
53 1.217 -0.073 1.243
179 1.163 -0.068 0.718
53 1.223 -0.066 1.243
179 1.163 -0.071 0.718
53 1.221 -0.060 1.244
179 1.169 -0.072 0.717
53 1.213 -0.058 1.244
179 1.175 -0.070 0.716
53 1.203 -0.056 1.243
179 1.181 -0.069 0.716
53 1.191 -0.055 1.243
179 1.185 -0.067 0.715
53 1.179 -0.054 1.243
179 1.187 -0.067 0.715
53 1.167 -0.055 1.243
179 1.188 -0.068 0.715
53 1.154 -0.056 1.243
179 1.188 -0.070 0.715
53 1.140 -0.057 1.243
179 1.186 -0.073 0.716
53 1.126 -0.060 1.243
179 1.184 -0.077 0.716
53 1.116 -0.054 1.242
179 1.179 -0.084 0.717
53 1.114 -0.052 1.242
179 1.171 -0.090 0.718
53 1.119 -0.052 1.241
179 1.162 -0.094 0.718
53 1.127 -0.053 1.241
179 1.155 -0.097 0.718
53 1.139 -0.053 1.241
179 1.150 -0.099 0.718
53 1.153 -0.052 1.241
179 1.147 -0.098 0.718
53 1.168 -0.050 1.241
179 1.147 -0.094 0.717
53 1.185 -0.047 1.242
179 1.151 -0.088 0.717
53 1.202 -0.044 1.243
179 1.157 -0.080 0.717
53 1.219 -0.040 1.243
179 1.166 -0.072 0.717
53 1.232 -0.028 1.244
179 1.177 -0.066 0.717
53 1.235 -0.018 1.245
179 1.192 -0.059 0.717
53 1.232 -0.013 1.245
179 1.207 -0.052 0.716
53 1.226 -0.008 1.245
179 1.219 -0.046 0.716
53 1.218 -0.005 1.246
179 1.230 -0.043 0.716
53 1.209 -0.002 1.246
179 1.239 -0.041 0.717
53 1.198 -0.000 1.247
179 1.247 -0.040 0.717
53 1.184 0.001 1.247
179 1.252 -0.039 0.718
53 1.169 0.002 1.248
179 1.253 -0.037 0.720
53 1.150 0.002 1.247
179 1.250 -0.035 0.721
53 1.140 0.010 1.246
179 1.238 -0.033 0.722
53 1.141 0.015 1.245
179 1.222 -0.030 0.723
53 1.149 0.014 1.244
179 1.210 -0.028 0.722
53 1.159 0.014 1.243
179 1.201 -0.027 0.721
53 1.170 0.014 1.243
179 1.195 -0.028 0.720
53 1.180 0.013 1.243
179 1.189 -0.031 0.720
53 1.191 0.013 1.242
179 1.185 -0.034 0.719
53 1.201 0.011 1.242
179 1.182 -0.038 0.719
53 1.212 0.010 1.242
179 1.180 -0.042 0.719
53 1.225 0.009 1.243
179 1.179 -0.046 0.719
53 1.234 0.019 1.244
179 1.182 -0.050 0.719
53 1.235 0.027 1.245
179 1.191 -0.049 0.719
53 1.228 0.029 1.245
179 1.202 -0.044 0.718
53 1.219 0.031 1.245
179 1.210 -0.040 0.718
53 1.208 0.033 1.245
179 1.217 -0.038 0.719
53 1.196 0.035 1.246
179 1.222 -0.036 0.719
53 1.183 0.037 1.246
179 1.225 -0.034 0.720
53 1.169 0.038 1.246
179 1.226 -0.032 0.720
53 1.154 0.040 1.246
179 1.224 -0.029 0.721
53 1.138 0.041 1.246
179 1.219 -0.026 0.722
53 1.125 0.053 1.246
179 1.210 -0.024 0.724
53 1.125 0.059 1.245
179 1.195 -0.017 0.724
53 1.131 0.059 1.243
179 1.181 -0.011 0.724
53 1.140 0.060 1.243
179 1.171 -0.009 0.723
53 1.150 0.061 1.242
179 1.163 -0.008 0.722
53 1.161 0.062 1.242
179 1.156 -0.008 0.721
53 1.172 0.063 1.242
179 1.150 -0.008 0.721
53 1.184 0.064 1.242
179 1.148 -0.007 0.721
53 1.197 0.066 1.242
179 1.148 -0.004 0.721
53 1.212 0.068 1.243
179 1.152 -0.000 0.721
53 1.223 0.080 1.244
179 1.161 0.003 0.721
53 1.225 0.088 1.244
179 1.176 0.011 0.720
53 1.220 0.092 1.244
179 1.191 0.020 0.720
53 1.213 0.094 1.245
179 1.202 0.025 0.719
53 1.204 0.097 1.245
179 1.212 0.029 0.719
53 1.194 0.100 1.245
179 1.220 0.033 0.720
53 1.183 0.102 1.246
179 1.226 0.036 0.720
53 1.171 0.105 1.246
179 1.231 0.040 0.721
53 1.157 0.108 1.247
179 1.233 0.045 0.722
53 1.142 0.111 1.247
179 1.232 0.051 0.723
53 1.132 0.123 1.247
179 1.225 0.056 0.724
53 1.134 0.130 1.246
179 1.213 0.065 0.725
53 1.143 0.131 1.245
179 1.203 0.072 0.723
53 1.154 0.133 1.244
179 1.196 0.077 0.722
53 1.166 0.135 1.243
179 1.191 0.080 0.720
53 1.178 0.136 1.242
179 1.187 0.082 0.719
53 1.190 0.138 1.242
179 1.184 0.082 0.718
53 1.201 0.139 1.242
179 1.183 0.081 0.718
53 1.212 0.139 1.241
179 1.183 0.081 0.718
53 1.224 0.139 1.242
179 1.184 0.080 0.718
53 1.233 0.146 1.243
179 1.187 0.077 0.718
53 1.232 0.153 1.244
179 1.195 0.076 0.718
53 1.226 0.155 1.244
179 1.204 0.078 0.717
53 1.217 0.157 1.244
179 1.211 0.079 0.717
53 1.206 0.159 1.245
179 1.217 0.080 0.718
53 1.193 0.161 1.245
179 1.221 0.082 0.718
53 1.180 0.163 1.246
179 1.223 0.085 0.719
53 1.165 0.165 1.246
179 1.223 0.089 0.720
53 1.150 0.168 1.246
179 1.221 0.094 0.720
53 1.134 0.170 1.246
179 1.216 0.100 0.721
53 1.122 0.181 1.247
179 1.206 0.105 0.723
53 1.122 0.188 1.245
179 1.190 0.112 0.723
53 1.128 0.190 1.243
179 1.176 0.117 0.721
53 1.137 0.191 1.242
179 1.165 0.118 0.719
53 1.147 0.193 1.241
179 1.157 0.115 0.718
53 1.157 0.193 1.241
179 1.152 0.111 0.717
53 1.168 0.191 1.240
179 1.150 0.105 0.717
53 1.181 0.187 1.241
179 1.151 0.101 0.718
53 1.196 0.184 1.241
179 1.155 0.098 0.718
53 1.214 0.182 1.242
179 1.163 0.098 0.718
53 1.228 0.192 1.244
179 1.176 0.097 0.719
53 1.232 0.200 1.245
179 1.195 0.102 0.718
53 1.230 0.204 1.246
179 1.214 0.109 0.718
53 1.224 0.208 1.246
179 1.230 0.114 0.718
53 1.214 0.213 1.247
179 1.244 0.119 0.719
53 1.203 0.218 1.248
179 1.253 0.125 0.719
53 1.190 0.223 1.248
179 1.257 0.132 0.720
53 1.175 0.226 1.248
179 1.254 0.138 0.720
53 1.155 0.228 1.248
179 1.242 0.144 0.720
53 1.135 0.229 1.247
179 1.223 0.147 0.720
53 1.117 0.238 1.247
179 1.199 0.147 0.721
53 1.112 0.242 1.245
179 1.170 0.147 0.721
53 1.112 0.240 1.243
179 1.146 0.144 0.720
53 1.116 0.237 1.241
179 1.127 0.136 0.719
53 1.123 0.235 1.241
179 1.116 0.125 0.718
53 1.136 0.232 1.241
179 1.113 0.118 0.718
53 1.154 0.229 1.241
179 1.120 0.115 0.719
53 1.176 0.227 1.242
179 1.134 0.117 0.719
53 1.199 0.226 1.243
179 1.155 0.122 0.719
53 1.222 0.227 1.244
179 1.178 0.129 0.719
53 1.239 0.240 1.246
179 1.203 0.131 0.719
53 1.247 0.252 1.247
179 1.231 0.140 0.719
53 1.247 0.260 1.248
179 1.256 0.149 0.719
53 1.240 0.266 1.249
179 1.276 0.156 0.719
53 1.228 0.272 1.250
179 1.286 0.161 0.719
53 1.212 0.275 1.250
179 1.282 0.164 0.719
53 1.190 0.273 1.249
179 1.266 0.166 0.719
53 1.165 0.271 1.249
179 1.240 0.167 0.720
53 1.139 0.270 1.248
179 1.209 0.166 0.720
53 1.112 0.269 1.247
179 1.178 0.165 0.720
53 1.090 0.279 1.247
179 1.148 0.159 0.721
53 1.081 0.284 1.244
179 1.117 0.158 0.721
53 1.083 0.282 1.242
179 1.097 0.154 0.720
53 1.095 0.281 1.242
179 1.089 0.149 0.719
53 1.115 0.279 1.242
179 1.099 0.146 0.719
53 1.140 0.276 1.243
179 1.120 0.147 0.719
53 1.168 0.274 1.244
179 1.146 0.151 0.719
53 1.195 0.274 1.245
179 1.175 0.157 0.719
53 1.220 0.275 1.246
179 1.204 0.162 0.719
53 1.244 0.275 1.246
179 1.231 0.164 0.718
53 1.263 0.266 1.246
179 1.256 0.166 0.717
53 1.270 0.259 1.247
179 1.280 0.159 0.715
53 1.264 0.261 1.249
179 1.300 0.150 0.715
53 1.249 0.264 1.250
179 1.306 0.146 0.717
53 1.228 0.264 1.250
179 1.298 0.150 0.719
53 1.204 0.263 1.249
179 1.279 0.155 0.720
53 1.180 0.264 1.249
179 1.251 0.160 0.720
53 1.155 0.267 1.248
179 1.220 0.165 0.720
53 1.129 0.269 1.247
179 1.189 0.167 0.719
53 1.105 0.270 1.246
179 1.160 0.166 0.719
53 1.088 0.259 1.242
179 1.134 0.163 0.717
53 1.080 0.247 1.239
179 1.112 0.152 0.716
53 1.083 0.239 1.238
179 1.098 0.134 0.716
53 1.095 0.233 1.238
179 1.091 0.119 0.716
53 1.115 0.229 1.239
179 1.094 0.111 0.717
53 1.139 0.226 1.240
179 1.107 0.111 0.717
53 1.163 0.225 1.241
179 1.126 0.115 0.717
53 1.186 0.225 1.242
179 1.150 0.121 0.717
53 1.208 0.227 1.243
179 1.174 0.128 0.718
53 1.230 0.229 1.244
179 1.199 0.135 0.718
53 1.246 0.222 1.243
179 1.224 0.141 0.717
53 1.254 0.218 1.244
179 1.248 0.144 0.715
53 1.255 0.218 1.246
179 1.271 0.140 0.714
53 1.249 0.222 1.247
179 1.289 0.135 0.714
53 1.237 0.225 1.248
179 1.298 0.132 0.715
53 1.217 0.225 1.248
179 1.298 0.134 0.717
53 1.197 0.224 1.248
179 1.285 0.137 0.718
53 1.173 0.223 1.248
179 1.263 0.141 0.719
53 1.150 0.223 1.247
179 1.236 0.145 0.719
53 1.125 0.224 1.246
179 1.207 0.147 0.719
53 1.110 0.218 1.243
179 1.177 0.151 0.718
53 1.103 0.211 1.240
179 1.150 0.149 0.716
53 1.101 0.207 1.238
179 1.127 0.140 0.714
53 1.103 0.204 1.237
179 1.111 0.128 0.714
53 1.110 0.200 1.236
179 1.100 0.114 0.714
53 1.123 0.194 1.237
179 1.096 0.103 0.715
53 1.142 0.189 1.238
179 1.100 0.096 0.715
53 1.164 0.184 1.239
179 1.112 0.093 0.716
53 1.187 0.181 1.240
179 1.131 0.094 0.716
53 1.210 0.180 1.241
179 1.154 0.097 0.717
53 1.225 0.170 1.241
179 1.179 0.102 0.716
53 1.232 0.163 1.242
179 1.204 0.106 0.715
53 1.234 0.161 1.243
179 1.227 0.105 0.715
53 1.232 0.162 1.244
179 1.247 0.103 0.714
53 1.226 0.166 1.246
179 1.265 0.102 0.715
53 1.216 0.171 1.247
179 1.278 0.103 0.716
53 1.202 0.175 1.248
179 1.285 0.106 0.717
53 1.184 0.178 1.247
179 1.282 0.112 0.719
53 1.163 0.179 1.247
179 1.270 0.119 0.720
53 1.144 0.180 1.246
179 1.250 0.126 0.720
53 1.133 0.174 1.244
179 1.225 0.133 0.719
53 1.132 0.169 1.242
179 1.201 0.135 0.717
53 1.134 0.167 1.240
179 1.180 0.134 0.715
53 1.138 0.166 1.238
179 1.163 0.129 0.714
53 1.142 0.165 1.237
179 1.149 0.123 0.713
53 1.147 0.163 1.236
179 1.138 0.116 0.712
53 1.155 0.161 1.236
179 1.130 0.109 0.713
53 1.165 0.158 1.237
179 1.125 0.103 0.713
53 1.178 0.154 1.237
179 1.124 0.098 0.714
53 1.195 0.150 1.238
179 1.129 0.094 0.715
53 1.205 0.140 1.239
179 1.141 0.093 0.715
53 1.206 0.131 1.239
179 1.157 0.092 0.714
53 1.201 0.125 1.239
179 1.171 0.088 0.713
53 1.195 0.121 1.239
179 1.183 0.085 0.713
53 1.188 0.118 1.240
179 1.193 0.081 0.713
53 1.180 0.117 1.241
179 1.200 0.078 0.713
53 1.171 0.116 1.241
179 1.206 0.076 0.714
53 1.161 0.117 1.242
179 1.210 0.076 0.715
53 1.149 0.119 1.243
179 1.212 0.076 0.716
53 1.135 0.121 1.244
179 1.212 0.078 0.717
53 1.128 0.116 1.242
179 1.207 0.084 0.718
53 1.132 0.113 1.241
179 1.201 0.090 0.718
53 1.141 0.112 1.240
179 1.195 0.093 0.717
53 1.151 0.112 1.239
179 1.192 0.096 0.716
53 1.162 0.113 1.239
179 1.190 0.099 0.715
53 1.174 0.115 1.238
179 1.189 0.102 0.714
53 1.185 0.118 1.238
179 1.189 0.105 0.713
53 1.197 0.120 1.238
179 1.190 0.108 0.713
53 1.209 0.122 1.238
179 1.191 0.111 0.713
53 1.222 0.124 1.239
179 1.193 0.114 0.713
53 1.232 0.118 1.239
179 1.196 0.119 0.713
53 1.233 0.115 1.240
179 1.203 0.123 0.712
53 1.229 0.114 1.241
179 1.210 0.125 0.711
53 1.221 0.114 1.241
179 1.217 0.126 0.711
53 1.210 0.114 1.242
179 1.223 0.127 0.710
53 1.197 0.113 1.242
179 1.228 0.127 0.711
53 1.183 0.112 1.243
179 1.231 0.128 0.711
53 1.168 0.112 1.243
179 1.231 0.128 0.712
53 1.151 0.111 1.243
179 1.228 0.128 0.713
53 1.135 0.110 1.242
179 1.222 0.128 0.714
53 1.123 0.100 1.242
179 1.211 0.128 0.715
53 1.122 0.096 1.241
179 1.196 0.127 0.716
53 1.128 0.095 1.239
179 1.181 0.123 0.715
53 1.136 0.093 1.239
179 1.170 0.121 0.714
53 1.146 0.092 1.238
179 1.161 0.119 0.713
53 1.156 0.090 1.238
179 1.155 0.116 0.713
53 1.167 0.088 1.238
179 1.150 0.113 0.713
53 1.179 0.086 1.238
179 1.148 0.109 0.713
53 1.192 0.083 1.239
179 1.148 0.105 0.713
53 1.207 0.080 1.239
179 1.152 0.101 0.714
53 1.219 0.068 1.240
179 1.159 0.098 0.714
53 1.221 0.061 1.241
179 1.172 0.093 0.713
53 1.216 0.058 1.241
179 1.185 0.087 0.713
53 1.209 0.055 1.241
179 1.196 0.083 0.712
53 1.200 0.053 1.242
179 1.205 0.081 0.713
53 1.190 0.051 1.242
179 1.211 0.081 0.713
53 1.179 0.050 1.243
179 1.216 0.082 0.713
53 1.167 0.049 1.243
179 1.219 0.085 0.714
53 1.153 0.049 1.243
179 1.220 0.088 0.715
53 1.137 0.049 1.243
179 1.218 0.091 0.716
53 1.125 0.041 1.243
179 1.210 0.095 0.718
53 1.124 0.039 1.242
179 1.196 0.096 0.719
53 1.131 0.042 1.241
179 1.183 0.096 0.718
53 1.139 0.044 1.241
179 1.174 0.097 0.718
53 1.149 0.045 1.240
179 1.166 0.099 0.717
53 1.160 0.044 1.240
179 1.161 0.100 0.716
53 1.172 0.043 1.240
179 1.157 0.099 0.716
53 1.185 0.041 1.241
179 1.157 0.097 0.716
53 1.199 0.039 1.241
179 1.159 0.093 0.716
53 1.214 0.036 1.241
179 1.164 0.088 0.716
53 1.227 0.022 1.243
179 1.173 0.083 0.716
53 1.230 0.013 1.244
179 1.187 0.075 0.716
53 1.226 0.010 1.244
179 1.201 0.066 0.716
53 1.219 0.006 1.244
179 1.213 0.059 0.716
53 1.209 0.002 1.245
179 1.223 0.055 0.716
53 1.198 -0.002 1.245
179 1.231 0.052 0.717
53 1.186 -0.005 1.246
179 1.237 0.050 0.717
53 1.173 -0.008 1.246
179 1.239 0.048 0.718
53 1.156 -0.010 1.246
179 1.239 0.046 0.719
53 1.138 -0.011 1.245
179 1.233 0.043 0.720
53 1.126 -0.020 1.246
179 1.221 0.041 0.723
53 1.127 -0.023 1.245
179 1.204 0.038 0.723
53 1.134 -0.021 1.244
179 1.191 0.036 0.722
53 1.144 -0.019 1.243
179 1.182 0.036 0.721
53 1.153 -0.019 1.243
179 1.174 0.038 0.721
53 1.164 -0.019 1.243
179 1.168 0.041 0.720
53 1.174 -0.019 1.243
179 1.163 0.044 0.720
53 1.186 -0.019 1.243
179 1.160 0.046 0.720
53 1.198 -0.019 1.243
179 1.160 0.047 0.720
53 1.212 -0.020 1.243
179 1.161 0.047 0.720
53 1.223 -0.033 1.245
179 1.167 0.047 0.720
53 1.224 -0.040 1.245
179 1.180 0.041 0.720
53 1.219 -0.042 1.246
179 1.194 0.032 0.719
53 1.211 -0.045 1.246
179 1.205 0.026 0.719
53 1.201 -0.049 1.247
179 1.214 0.021 0.720
53 1.189 -0.052 1.247
179 1.221 0.017 0.720
53 1.177 -0.056 1.247
179 1.225 0.013 0.721
53 1.164 -0.059 1.247
179 1.227 0.009 0.722
53 1.150 -0.062 1.247
179 1.226 0.005 0.722
53 1.133 -0.065 1.247
179 1.222 0.000 0.723
53 1.121 -0.076 1.248
179 1.212 -0.004 0.726
53 1.122 -0.080 1.247
179 1.198 -0.010 0.726
53 1.130 -0.079 1.246
179 1.186 -0.015 0.725
53 1.140 -0.078 1.246
179 1.177 -0.016 0.724
53 1.151 -0.079 1.245
179 1.171 -0.017 0.723
53 1.161 -0.080 1.245
179 1.165 -0.018 0.722
53 1.173 -0.081 1.245
179 1.161 -0.018 0.722
53 1.184 -0.082 1.244
179 1.159 -0.018 0.721
53 1.196 -0.083 1.244
179 1.158 -0.019 0.721
53 1.209 -0.084 1.245
179 1.160 -0.020 0.721
53 1.219 -0.096 1.246
179 1.165 -0.020 0.722
53 1.220 -0.103 1.247
179 1.176 -0.024 0.721
53 1.213 -0.105 1.247
179 1.188 -0.030 0.721
53 1.204 -0.107 1.248
179 1.198 -0.034 0.721
53 1.194 -0.110 1.248
179 1.206 -0.037 0.721
53 1.182 -0.112 1.248
179 1.211 -0.041 0.722
53 1.170 -0.115 1.249
179 1.215 -0.045 0.722
53 1.156 -0.119 1.249
179 1.216 -0.049 0.723
53 1.142 -0.122 1.249
179 1.215 -0.054 0.723
53 1.127 -0.126 1.248
179 1.211 -0.061 0.724
53 1.116 -0.138 1.250
179 1.203 -0.066 0.726
53 1.117 -0.143 1.249
179 1.189 -0.073 0.727
53 1.125 -0.143 1.248
179 1.178 -0.080 0.725
53 1.135 -0.145 1.247
179 1.169 -0.083 0.723
53 1.145 -0.146 1.246
179 1.163 -0.084 0.722
53 1.156 -0.149 1.245
179 1.158 -0.084 0.721
53 1.167 -0.150 1.245
179 1.157 -0.084 0.720
53 1.179 -0.151 1.245
179 1.157 -0.082 0.720
53 1.193 -0.151 1.245
179 1.160 -0.081 0.720
53 1.207 -0.150 1.245
179 1.164 -0.081 0.720
53 1.219 -0.158 1.247
179 1.173 -0.079 0.721
53 1.222 -0.164 1.248
179 1.187 -0.081 0.720
53 1.218 -0.166 1.249
179 1.202 -0.085 0.720
53 1.210 -0.169 1.249
179 1.215 -0.088 0.721
53 1.200 -0.172 1.250
179 1.225 -0.092 0.721
53 1.189 -0.176 1.251
179 1.233 -0.097 0.722
53 1.176 -0.180 1.251
179 1.237 -0.103 0.722
53 1.161 -0.185 1.251
179 1.237 -0.109 0.723
53 1.146 -0.189 1.251
179 1.231 -0.116 0.723
53 1.128 -0.192 1.250
179 1.221 -0.123 0.723
53 1.115 -0.203 1.252
179 1.203 -0.126 0.725
53 1.113 -0.206 1.250
179 1.181 -0.129 0.725
53 1.118 -0.205 1.248
179 1.162 -0.128 0.723
53 1.125 -0.204 1.247
179 1.147 -0.123 0.721
53 1.132 -0.202 1.246
179 1.137 -0.115 0.720
53 1.141 -0.200 1.245
179 1.132 -0.107 0.720
53 1.153 -0.197 1.245
179 1.131 -0.100 0.720
53 1.169 -0.194 1.246
179 1.136 -0.096 0.721
53 1.188 -0.192 1.247
179 1.146 -0.096 0.721
53 1.209 -0.191 1.247
179 1.161 -0.099 0.722
53 1.223 -0.179 1.247
179 1.181 -0.105 0.721
53 1.228 -0.170 1.248
179 1.202 -0.107 0.719
53 1.228 -0.169 1.249
179 1.223 -0.106 0.719
53 1.223 -0.173 1.251
179 1.242 -0.104 0.719
53 1.214 -0.178 1.252
179 1.258 -0.104 0.720
53 1.203 -0.184 1.253
179 1.268 -0.106 0.721
53 1.188 -0.187 1.253
179 1.270 -0.111 0.722
53 1.169 -0.189 1.252
179 1.263 -0.117 0.723
53 1.148 -0.189 1.252
179 1.246 -0.122 0.724
53 1.126 -0.190 1.251
179 1.223 -0.125 0.724
53 1.114 -0.180 1.246
179 1.196 -0.129 0.722
53 1.111 -0.171 1.244
179 1.170 -0.127 0.720
53 1.111 -0.166 1.242
179 1.148 -0.121 0.718
53 1.113 -0.164 1.241
179 1.131 -0.111 0.717
53 1.117 -0.163 1.240
179 1.117 -0.099 0.716
53 1.125 -0.161 1.240
179 1.108 -0.087 0.717
53 1.138 -0.157 1.241
179 1.104 -0.077 0.717
53 1.155 -0.153 1.241
179 1.107 -0.071 0.718
53 1.176 -0.149 1.242
179 1.117 -0.068 0.718
53 1.198 -0.145 1.244
179 1.134 -0.068 0.719
53 1.212 -0.132 1.244
179 1.157 -0.072 0.718
53 1.218 -0.121 1.244
179 1.181 -0.073 0.717
53 1.219 -0.117 1.246
179 1.203 -0.072 0.717
53 1.216 -0.117 1.247
179 1.222 -0.070 0.717
53 1.211 -0.120 1.248
179 1.240 -0.069 0.718
53 1.202 -0.125 1.250
179 1.254 -0.070 0.719
53 1.191 -0.131 1.250
179 1.264 -0.073 0.720
53 1.173 -0.136 1.250
179 1.268 -0.080 0.722
53 1.157 -0.140 1.250
179 1.262 -0.088 0.723
53 1.139 -0.142 1.249
179 1.249 -0.095 0.723
53 1.131 -0.135 1.245
179 1.230 -0.103 0.722
53 1.134 -0.129 1.244
179 1.212 -0.107 0.720
53 1.140 -0.125 1.242
179 1.197 -0.107 0.719
53 1.147 -0.124 1.241
179 1.184 -0.106 0.717
53 1.154 -0.124 1.240
179 1.174 -0.103 0.715
53 1.161 -0.124 1.239
179 1.166 -0.100 0.715
53 1.169 -0.124 1.239
179 1.160 -0.096 0.714
53 1.178 -0.124 1.239
179 1.155 -0.093 0.714
53 1.188 -0.124 1.239
179 1.151 -0.091 0.715
53 1.200 -0.123 1.239
179 1.149 -0.088 0.715
53 1.208 -0.113 1.240
179 1.152 -0.089 0.715
53 1.206 -0.105 1.240
179 1.158 -0.088 0.714
53 1.199 -0.100 1.240
179 1.166 -0.085 0.713
53 1.190 -0.096 1.240
179 1.172 -0.081 0.713
53 1.179 -0.095 1.240
179 1.177 -0.079 0.713
53 1.168 -0.094 1.240
179 1.180 -0.078 0.713
53 1.156 -0.094 1.240
179 1.181 -0.077 0.713
53 1.144 -0.095 1.240
179 1.180 -0.078 0.713
53 1.131 -0.097 1.241
179 1.179 -0.081 0.713
53 1.117 -0.099 1.241
179 1.177 -0.084 0.714
53 1.108 -0.095 1.239
179 1.173 -0.090 0.714
53 1.108 -0.093 1.238
179 1.166 -0.097 0.715
53 1.112 -0.095 1.237
179 1.158 -0.103 0.715
53 1.120 -0.097 1.236
179 1.152 -0.108 0.714
53 1.129 -0.100 1.236
179 1.148 -0.113 0.714
53 1.140 -0.101 1.236
179 1.145 -0.116 0.713
53 1.155 -0.102 1.237
179 1.144 -0.117 0.713
53 1.171 -0.101 1.237
179 1.145 -0.116 0.713
53 1.188 -0.099 1.238
179 1.150 -0.113 0.713
53 1.206 -0.096 1.238
179 1.157 -0.108 0.713
53 1.219 -0.085 1.239
179 1.168 -0.106 0.713
53 1.223 -0.075 1.240
179 1.182 -0.101 0.712
53 1.220 -0.071 1.240
179 1.196 -0.096 0.712
53 1.215 -0.067 1.240
179 1.209 -0.092 0.711
53 1.207 -0.065 1.241
179 1.219 -0.091 0.711
53 1.197 -0.063 1.242
179 1.228 -0.091 0.712
53 1.185 -0.063 1.242
179 1.235 -0.092 0.713
53 1.171 -0.063 1.243
179 1.239 -0.094 0.714
53 1.152 -0.064 1.242
179 1.239 -0.095 0.715
53 1.133 -0.065 1.242
179 1.232 -0.096 0.716
53 1.121 -0.058 1.240
179 1.218 -0.097 0.717
53 1.121 -0.054 1.239
179 1.201 -0.097 0.718
53 1.127 -0.055 1.238
179 1.187 -0.096 0.717
53 1.135 -0.056 1.237
179 1.176 -0.097 0.716
53 1.144 -0.057 1.237
179 1.167 -0.100 0.715
53 1.154 -0.057 1.237
179 1.161 -0.103 0.715
53 1.165 -0.057 1.237
179 1.156 -0.105 0.714
53 1.177 -0.056 1.237
179 1.154 -0.106 0.714
53 1.191 -0.054 1.237
179 1.155 -0.103 0.714
53 1.207 -0.051 1.238
179 1.159 -0.099 0.714
53 1.220 -0.038 1.239
179 1.168 -0.095 0.714
53 1.223 -0.028 1.239
179 1.181 -0.087 0.713
53 1.219 -0.024 1.240
179 1.195 -0.078 0.713
53 1.213 -0.022 1.240
179 1.207 -0.073 0.713
53 1.204 -0.019 1.240
179 1.216 -0.071 0.713
53 1.193 -0.017 1.241
179 1.223 -0.071 0.713
53 1.181 -0.016 1.241
179 1.228 -0.073 0.714
53 1.167 -0.015 1.241
179 1.231 -0.074 0.715
53 1.150 -0.016 1.241
179 1.230 -0.075 0.716
53 1.131 -0.017 1.241
179 1.223 -0.075 0.717
53 1.117 -0.008 1.240
179 1.210 -0.075 0.718
53 1.116 -0.004 1.239
179 1.192 -0.072 0.719
53 1.122 -0.005 1.238
179 1.176 -0.069 0.718
53 1.130 -0.005 1.237
179 1.165 -0.070 0.718
53 1.139 -0.005 1.237
179 1.156 -0.073 0.717
53 1.149 -0.005 1.236
179 1.149 -0.076 0.717
53 1.160 -0.005 1.236
179 1.144 -0.078 0.716
53 1.173 -0.003 1.237
179 1.143 -0.078 0.716
53 1.188 -0.001 1.237
179 1.146 -0.074 0.716
53 1.204 0.001 1.237
179 1.152 -0.067 0.716
53 1.218 0.015 1.239
179 1.162 -0.062 0.716
53 1.221 0.025 1.239
179 1.178 -0.052 0.716
53 1.217 0.028 1.240
179 1.193 -0.042 0.715
53 1.210 0.030 1.240
179 1.204 -0.037 0.715
53 1.201 0.033 1.240
179 1.213 -0.036 0.715
53 1.191 0.035 1.241
179 1.220 -0.036 0.716
53 1.179 0.037 1.241
179 1.225 -0.036 0.716
53 1.165 0.038 1.242
179 1.227 -0.038 0.717
53 1.147 0.038 1.242
179 1.225 -0.038 0.718
53 1.129 0.038 1.241
179 1.219 -0.036 0.719
53 1.115 0.047 1.241
179 1.206 -0.036 0.721
53 1.115 0.052 1.239
179 1.188 -0.031 0.722
53 1.121 0.050 1.238
179 1.173 -0.028 0.721
53 1.129 0.050 1.238
179 1.162 -0.029 0.720
53 1.138 0.049 1.237
179 1.153 -0.032 0.719
53 1.149 0.050 1.237
179 1.146 -0.035 0.719
53 1.160 0.050 1.237
179 1.141 -0.038 0.719
53 1.172 0.051 1.237
179 1.140 -0.038 0.719
53 1.186 0.052 1.237
179 1.142 -0.036 0.719
53 1.202 0.054 1.238
179 1.149 -0.030 0.719
53 1.216 0.068 1.239
179 1.160 -0.025 0.719
53 1.218 0.077 1.240
179 1.177 -0.015 0.718
53 1.214 0.080 1.240
179 1.192 -0.004 0.717
53 1.208 0.083 1.241
179 1.204 0.001 0.717
53 1.199 0.086 1.241
179 1.213 0.004 0.718
53 1.188 0.089 1.242
179 1.220 0.006 0.718
53 1.175 0.091 1.242
179 1.225 0.008 0.719
53 1.162 0.094 1.242
179 1.227 0.011 0.720
53 1.145 0.095 1.242
179 1.226 0.014 0.721
53 1.127 0.096 1.242
179 1.221 0.019 0.722
53 1.114 0.107 1.243
179 1.210 0.022 0.724
53 1.115 0.113 1.241
179 1.193 0.029 0.724
53 1.123 0.112 1.240
179 1.180 0.035 0.723
53 1.133 0.112 1.239
179 1.172 0.036 0.722
53 1.143 0.112 1.239
179 1.165 0.035 0.721
53 1.155 0.112 1.238
179 1.160 0.033 0.720
53 1.166 0.112 1.238
179 1.156 0.031 0.719
53 1.177 0.112 1.238
179 1.154 0.029 0.719
53 1.190 0.113 1.238
179 1.153 0.027 0.719
53 1.204 0.113 1.238
179 1.155 0.026 0.719
53 1.215 0.125 1.240
179 1.161 0.024 0.720
53 1.215 0.133 1.240
179 1.174 0.030 0.719
53 1.209 0.135 1.241
179 1.187 0.038 0.719
53 1.200 0.137 1.241
179 1.197 0.041 0.719
53 1.189 0.139 1.241
179 1.204 0.044 0.719
53 1.177 0.141 1.242
179 1.209 0.047 0.720
53 1.164 0.144 1.242
179 1.212 0.051 0.720
53 1.150 0.147 1.242
179 1.212 0.055 0.721
53 1.136 0.149 1.242
179 1.210 0.061 0.721
53 1.120 0.152 1.242
179 1.205 0.067 0.722
53 1.108 0.166 1.243
179 1.195 0.073 0.724
53 1.108 0.173 1.241
179 1.180 0.084 0.724
53 1.116 0.174 1.240
179 1.168 0.091 0.722
53 1.125 0.175 1.239
179 1.159 0.094 0.720
53 1.136 0.177 1.238
179 1.153 0.094 0.719
53 1.147 0.178 1.237
179 1.150 0.092 0.718
53 1.159 0.178 1.237
179 1.149 0.087 0.717
53 1.172 0.176 1.237
179 1.151 0.083 0.717
53 1.187 0.174 1.237
179 1.155 0.080 0.718
53 1.203 0.172 1.238
179 1.160 0.079 0.718
53 1.216 0.183 1.240
179 1.170 0.077 0.718
53 1.219 0.190 1.241
179 1.186 0.082 0.718
53 1.215 0.193 1.241
179 1.201 0.089 0.718
53 1.207 0.197 1.242
179 1.214 0.094 0.718
53 1.197 0.201 1.242
179 1.223 0.099 0.718
53 1.185 0.205 1.243
179 1.230 0.105 0.719
53 1.172 0.210 1.243
179 1.234 0.112 0.719
53 1.158 0.214 1.243
179 1.234 0.120 0.720
53 1.140 0.216 1.243
179 1.229 0.128 0.720
53 1.121 0.218 1.243
179 1.217 0.134 0.720
53 1.108 0.231 1.243
179 1.200 0.137 0.721
53 1.107 0.237 1.241
179 1.176 0.141 0.721
53 1.113 0.236 1.239
179 1.157 0.140 0.719
53 1.120 0.234 1.238
179 1.143 0.134 0.717
53 1.129 0.232 1.237
179 1.135 0.124 0.716
53 1.139 0.228 1.236
179 1.131 0.115 0.716
53 1.152 0.223 1.237
179 1.132 0.108 0.717
53 1.169 0.221 1.237
179 1.138 0.106 0.717
53 1.188 0.221 1.238
179 1.148 0.108 0.717
53 1.207 0.221 1.239
179 1.162 0.113 0.717
53 1.222 0.235 1.241
179 1.180 0.117 0.718
53 1.226 0.246 1.242
179 1.203 0.128 0.718
53 1.224 0.252 1.243
179 1.224 0.138 0.717
53 1.218 0.258 1.243
179 1.242 0.146 0.717
53 1.208 0.264 1.244
179 1.255 0.152 0.717
53 1.195 0.269 1.244
179 1.260 0.157 0.717
53 1.178 0.270 1.244
179 1.256 0.161 0.718
53 1.157 0.269 1.244
179 1.242 0.164 0.718
53 1.134 0.269 1.243
179 1.220 0.166 0.718
53 1.110 0.270 1.243
179 1.193 0.166 0.718
53 1.091 0.280 1.243
179 1.165 0.162 0.719
53 1.083 0.283 1.240
179 1.134 0.162 0.719
53 1.084 0.280 1.238
179 1.111 0.157 0.718
53 1.091 0.278 1.237
179 1.099 0.147 0.717
53 1.106 0.276 1.237
179 1.099 0.139 0.717
53 1.126 0.272 1.237
179 1.109 0.137 0.717
53 1.151 0.271 1.238
179 1.128 0.140 0.717
53 1.176 0.271 1.239
179 1.151 0.146 0.717
53 1.200 0.272 1.240
179 1.176 0.153 0.717
53 1.222 0.273 1.240
179 1.200 0.158 0.717
53 1.238 0.264 1.240
179 1.225 0.163 0.715
53 1.246 0.258 1.241
179 1.249 0.160 0.713
53 1.244 0.259 1.242
179 1.270 0.152 0.713
53 1.235 0.263 1.244
179 1.285 0.147 0.714
53 1.219 0.264 1.244
179 1.288 0.149 0.716
53 1.197 0.264 1.244
179 1.280 0.155 0.717
53 1.175 0.265 1.244
179 1.260 0.161 0.718
53 1.153 0.268 1.243
179 1.234 0.165 0.718
53 1.129 0.270 1.243
179 1.205 0.169 0.717
53 1.105 0.271 1.242
179 1.177 0.169 0.717
53 1.090 0.262 1.238
179 1.149 0.169 0.715
53 1.083 0.251 1.235
179 1.126 0.159 0.713
53 1.083 0.243 1.233
179 1.109 0.143 0.713
53 1.089 0.236 1.233
179 1.099 0.126 0.713
53 1.102 0.231 1.233
179 1.094 0.114 0.714
53 1.122 0.227 1.234
179 1.097 0.108 0.714
53 1.144 0.225 1.235
179 1.108 0.109 0.714
53 1.166 0.225 1.236
179 1.126 0.113 0.715
53 1.187 0.225 1.237
179 1.146 0.119 0.715
53 1.208 0.227 1.238
179 1.168 0.126 0.715
53 1.223 0.220 1.237
179 1.191 0.134 0.714
53 1.229 0.214 1.238
179 1.214 0.139 0.712
53 1.230 0.214 1.239
179 1.235 0.137 0.711
53 1.226 0.218 1.240
179 1.253 0.135 0.711
53 1.218 0.222 1.241
179 1.267 0.134 0.712
53 1.202 0.225 1.242
179 1.275 0.135 0.714
53 1.187 0.225 1.242
179 1.274 0.140 0.715
53 1.167 0.226 1.242
179 1.264 0.145 0.716
53 1.147 0.227 1.242
179 1.247 0.150 0.717
53 1.124 0.229 1.241
179 1.223 0.154 0.717
53 1.113 0.223 1.238
179 1.196 0.159 0.715
53 1.110 0.216 1.236
179 1.172 0.157 0.713
53 1.111 0.212 1.234
179 1.152 0.151 0.711
53 1.113 0.209 1.232
179 1.137 0.141 0.710
53 1.118 0.205 1.231
179 1.125 0.129 0.710
53 1.125 0.201 1.231
179 1.117 0.119 0.710
53 1.136 0.196 1.231
179 1.112 0.111 0.711
53 1.151 0.192 1.232
179 1.112 0.104 0.712
53 1.169 0.189 1.233
179 1.117 0.101 0.712
53 1.188 0.187 1.234
179 1.128 0.101 0.713
53 1.199 0.177 1.234
179 1.145 0.105 0.713
53 1.201 0.169 1.235
179 1.163 0.107 0.711
53 1.199 0.164 1.235
179 1.179 0.105 0.711
53 1.195 0.162 1.236
179 1.193 0.103 0.711
53 1.188 0.163 1.237
179 1.204 0.101 0.711
53 1.180 0.165 1.238
179 1.212 0.100 0.711
53 1.170 0.167 1.239
179 1.219 0.100 0.712
53 1.158 0.170 1.240
179 1.222 0.103 0.713
53 1.142 0.173 1.240
179 1.223 0.107 0.715
53 1.124 0.176 1.240
179 1.219 0.114 0.716
53 1.118 0.171 1.238
179 1.208 0.124 0.716
53 1.122 0.168 1.236
179 1.198 0.131 0.715
53 1.130 0.167 1.235
179 1.190 0.134 0.713
53 1.139 0.168 1.234
179 1.185 0.135 0.711
53 1.150 0.170 1.233
179 1.181 0.134 0.710
53 1.161 0.172 1.232
179 1.180 0.133 0.709
53 1.172 0.173 1.232
179 1.179 0.133 0.709
53 1.183 0.173 1.232
179 1.180 0.133 0.709
53 1.195 0.173 1.232
179 1.181 0.134 0.709
53 1.208 0.173 1.233
179 1.183 0.135 0.709
53 1.217 0.167 1.233
179 1.187 0.139 0.708
53 1.218 0.162 1.234
179 1.193 0.141 0.707
53 1.213 0.161 1.234
179 1.200 0.142 0.706
53 1.205 0.161 1.235
179 1.206 0.142 0.706
53 1.195 0.161 1.235
179 1.212 0.143 0.706
53 1.183 0.162 1.236
179 1.216 0.144 0.706
53 1.170 0.163 1.236
179 1.219 0.147 0.707
53 1.155 0.164 1.237
179 1.220 0.150 0.707
53 1.140 0.165 1.237
179 1.219 0.153 0.708
53 1.121 0.165 1.237
179 1.214 0.156 0.709
53 1.110 0.157 1.236
179 1.204 0.160 0.710
53 1.110 0.153 1.234
179 1.189 0.160 0.710
53 1.117 0.152 1.233
179 1.177 0.158 0.709
53 1.126 0.150 1.232
179 1.167 0.155 0.708
53 1.136 0.148 1.232
179 1.160 0.150 0.707
53 1.146 0.146 1.232
179 1.155 0.146 0.707
53 1.158 0.143 1.232
179 1.152 0.143 0.707
53 1.170 0.141 1.232
179 1.150 0.140 0.707
53 1.183 0.138 1.232
179 1.151 0.137 0.707
53 1.198 0.135 1.233
179 1.153 0.135 0.708
53 1.209 0.124 1.234
179 1.159 0.134 0.708
53 1.211 0.118 1.234
179 1.169 0.133 0.707
53 1.206 0.116 1.235
179 1.180 0.130 0.706
53 1.198 0.115 1.235
179 1.189 0.128 0.706
53 1.189 0.114 1.235
179 1.196 0.129 0.706
53 1.178 0.114 1.236
179 1.201 0.131 0.706
53 1.166 0.115 1.236
179 1.204 0.135 0.707
53 1.152 0.116 1.236
179 1.205 0.140 0.707
53 1.136 0.117 1.236
179 1.204 0.145 0.708
53 1.119 0.119 1.236
179 1.200 0.149 0.709
53 1.105 0.110 1.236
179 1.191 0.153 0.711
53 1.103 0.106 1.234
179 1.175 0.152 0.711
53 1.109 0.106 1.233
179 1.161 0.147 0.711
53 1.117 0.105 1.233
179 1.150 0.143 0.710
53 1.128 0.102 1.233
179 1.143 0.139 0.709
53 1.139 0.099 1.233
179 1.137 0.134 0.709
53 1.152 0.096 1.233
179 1.135 0.129 0.708
53 1.166 0.092 1.233
179 1.135 0.124 0.709
53 1.180 0.088 1.233
179 1.138 0.118 0.709
53 1.196 0.085 1.234
179 1.143 0.113 0.709
53 1.208 0.072 1.235
179 1.152 0.110 0.709
53 1.210 0.066 1.236
179 1.164 0.106 0.709
53 1.206 0.064 1.236
179 1.177 0.101 0.709
53 1.198 0.063 1.236
179 1.187 0.099 0.708
53 1.189 0.062 1.237
179 1.194 0.100 0.709
53 1.178 0.062 1.237
179 1.199 0.103 0.709
53 1.166 0.062 1.237
179 1.202 0.109 0.709
53 1.152 0.063 1.238
179 1.202 0.115 0.710
53 1.136 0.064 1.238
179 1.200 0.121 0.711
53 1.117 0.065 1.237
179 1.194 0.124 0.712
53 1.102 0.056 1.237
179 1.182 0.127 0.714
53 1.099 0.053 1.236
179 1.164 0.124 0.715
53 1.103 0.053 1.235
179 1.148 0.119 0.714
53 1.111 0.052 1.234
179 1.136 0.116 0.713
53 1.121 0.049 1.234
179 1.128 0.113 0.712
53 1.133 0.045 1.234
179 1.122 0.107 0.712
53 1.146 0.041 1.234
179 1.121 0.101 0.712
53 1.161 0.037 1.235
179 1.123 0.093 0.712
53 1.177 0.033 1.235
179 1.129 0.084 0.712
53 1.193 0.030 1.236
179 1.136 0.077 0.712
53 1.207 0.017 1.237
179 1.147 0.072 0.713
53 1.209 0.011 1.238
179 1.162 0.066 0.712
53 1.204 0.009 1.238
179 1.175 0.060 0.712
53 1.197 0.007 1.238
179 1.186 0.058 0.712
53 1.188 0.006 1.239
179 1.193 0.058 0.712
53 1.177 0.005 1.239
179 1.197 0.061 0.712
53 1.165 0.005 1.239
179 1.199 0.066 0.713
53 1.152 0.005 1.240
179 1.199 0.071 0.714
53 1.136 0.005 1.240
179 1.196 0.077 0.714
53 1.116 0.006 1.239
179 1.190 0.081 0.715
53 1.101 -0.002 1.240
179 1.178 0.085 0.718
53 1.098 -0.005 1.238
179 1.159 0.083 0.719
53 1.102 -0.003 1.237
179 1.143 0.080 0.718
53 1.110 -0.003 1.237
179 1.131 0.079 0.717
53 1.119 -0.005 1.237
179 1.122 0.078 0.717
53 1.131 -0.008 1.237
179 1.117 0.074 0.716
53 1.145 -0.012 1.237
179 1.117 0.067 0.716
53 1.160 -0.016 1.237
179 1.120 0.059 0.716
53 1.176 -0.020 1.237
179 1.128 0.049 0.716
53 1.194 -0.023 1.238
179 1.138 0.040 0.716
53 1.208 -0.036 1.240
179 1.150 0.034 0.716
53 1.211 -0.043 1.240
179 1.167 0.026 0.716
53 1.207 -0.045 1.241
179 1.182 0.019 0.715
53 1.200 -0.048 1.241
179 1.193 0.015 0.715
53 1.191 -0.051 1.242
179 1.202 0.013 0.716
53 1.181 -0.053 1.242
179 1.208 0.013 0.716
53 1.169 -0.055 1.243
179 1.211 0.014 0.717
53 1.155 -0.058 1.243
179 1.212 0.014 0.718
53 1.137 -0.058 1.243
179 1.209 0.015 0.719
53 1.118 -0.058 1.242
179 1.202 0.014 0.720
53 1.105 -0.068 1.244
179 1.191 0.015 0.723
53 1.105 -0.070 1.243
179 1.174 0.013 0.724
53 1.111 -0.067 1.242
179 1.159 0.012 0.723
53 1.119 -0.066 1.241
179 1.149 0.014 0.722
53 1.129 -0.066 1.241
179 1.141 0.017 0.721
53 1.140 -0.066 1.240
179 1.134 0.019 0.720
53 1.151 -0.067 1.240
179 1.131 0.020 0.720
53 1.164 -0.069 1.240
179 1.130 0.019 0.720
53 1.178 -0.071 1.240
179 1.134 0.015 0.720
53 1.194 -0.072 1.241
179 1.141 0.010 0.720
53 1.208 -0.086 1.243
179 1.152 0.006 0.720
53 1.210 -0.094 1.243
179 1.170 -0.003 0.720
53 1.207 -0.097 1.244
179 1.187 -0.014 0.719
53 1.199 -0.100 1.244
179 1.200 -0.021 0.719
53 1.190 -0.104 1.245
179 1.211 -0.026 0.720
53 1.180 -0.108 1.246
179 1.218 -0.032 0.720
53 1.168 -0.113 1.246
179 1.223 -0.037 0.721
53 1.154 -0.117 1.246
179 1.225 -0.043 0.722
53 1.136 -0.120 1.246
179 1.224 -0.049 0.723
53 1.120 -0.122 1.245
179 1.218 -0.057 0.723
53 1.109 -0.134 1.247
179 1.207 -0.063 0.726
53 1.111 -0.139 1.246
179 1.192 -0.070 0.726
53 1.120 -0.139 1.245
179 1.180 -0.076 0.724
53 1.130 -0.140 1.244
179 1.172 -0.078 0.722
53 1.141 -0.141 1.243
179 1.166 -0.079 0.720
53 1.152 -0.143 1.242
179 1.162 -0.079 0.719
53 1.163 -0.143 1.241
179 1.160 -0.078 0.718
53 1.174 -0.144 1.241
179 1.160 -0.077 0.718
53 1.187 -0.144 1.241
179 1.161 -0.075 0.718
53 1.200 -0.144 1.241
179 1.164 -0.074 0.718
53 1.211 -0.153 1.243
179 1.169 -0.072 0.719
53 1.211 -0.159 1.244
179 1.180 -0.074 0.718
53 1.206 -0.161 1.245
179 1.191 -0.078 0.718
53 1.196 -0.164 1.245
179 1.200 -0.081 0.719
53 1.185 -0.167 1.246
179 1.207 -0.084 0.719
53 1.172 -0.170 1.246
179 1.211 -0.088 0.720
53 1.159 -0.173 1.247
179 1.213 -0.093 0.721
53 1.144 -0.177 1.247
179 1.212 -0.099 0.721
53 1.129 -0.180 1.247
179 1.208 -0.105 0.722
53 1.111 -0.183 1.247
179 1.201 -0.111 0.722
53 1.099 -0.195 1.249
179 1.188 -0.116 0.724
53 1.099 -0.199 1.247
179 1.171 -0.121 0.724
53 1.106 -0.199 1.245
179 1.156 -0.123 0.722
53 1.115 -0.200 1.244
179 1.146 -0.121 0.720
53 1.125 -0.200 1.243
179 1.140 -0.116 0.719
53 1.136 -0.199 1.242
179 1.137 -0.110 0.718
53 1.149 -0.196 1.242
179 1.138 -0.104 0.718
53 1.164 -0.193 1.242
179 1.142 -0.100 0.718
53 1.181 -0.191 1.243
179 1.150 -0.098 0.719
53 1.199 -0.190 1.243
179 1.160 -0.098 0.719
53 1.212 -0.178 1.243
179 1.175 -0.102 0.718
53 1.216 -0.169 1.244
179 1.192 -0.103 0.717
53 1.213 -0.167 1.245
179 1.208 -0.101 0.717
53 1.207 -0.169 1.246
179 1.223 -0.098 0.717
53 1.198 -0.173 1.247
179 1.234 -0.098 0.718
53 1.186 -0.177 1.248
179 1.242 -0.099 0.719
53 1.171 -0.181 1.249
179 1.245 -0.103 0.721
53 1.153 -0.183 1.248
179 1.242 -0.109 0.722
53 1.136 -0.185 1.248
179 1.232 -0.115 0.722
53 1.116 -0.187 1.247
179 1.217 -0.121 0.722
53 1.107 -0.179 1.243
179 1.197 -0.128 0.720
53 1.108 -0.172 1.241
179 1.179 -0.129 0.719
53 1.113 -0.168 1.239
179 1.163 -0.125 0.717
53 1.118 -0.166 1.238
179 1.151 -0.118 0.715
53 1.124 -0.165 1.237
179 1.142 -0.109 0.714
53 1.132 -0.163 1.237
179 1.135 -0.100 0.714
53 1.142 -0.160 1.237
179 1.130 -0.093 0.714
53 1.154 -0.158 1.237
179 1.127 -0.087 0.715
53 1.169 -0.155 1.238
179 1.127 -0.082 0.715
53 1.185 -0.153 1.238
179 1.131 -0.080 0.716
53 1.195 -0.141 1.238
179 1.141 -0.081 0.715
53 1.195 -0.131 1.239
179 1.154 -0.081 0.714
53 1.191 -0.125 1.239
179 1.167 -0.078 0.714
53 1.185 -0.122 1.240
179 1.177 -0.074 0.714
53 1.177 -0.122 1.241
179 1.186 -0.072 0.714
53 1.167 -0.122 1.241
179 1.192 -0.070 0.715
53 1.156 -0.125 1.242
179 1.196 -0.069 0.715
53 1.144 -0.127 1.243
179 1.198 -0.070 0.716
53 1.130 -0.130 1.243
179 1.199 -0.072 0.717
53 1.113 -0.133 1.243
179 1.196 -0.076 0.718
53 1.106 -0.127 1.239
179 1.188 -0.083 0.718
53 1.110 -0.122 1.238
179 1.180 -0.089 0.718
53 1.118 -0.119 1.237
179 1.174 -0.092 0.716
53 1.127 -0.118 1.236
179 1.170 -0.094 0.715
53 1.137 -0.119 1.235
179 1.167 -0.095 0.714
53 1.146 -0.121 1.235
179 1.165 -0.097 0.713
53 1.157 -0.124 1.235
179 1.164 -0.098 0.713
53 1.168 -0.127 1.235
179 1.163 -0.099 0.713
53 1.180 -0.129 1.235
179 1.162 -0.101 0.713
53 1.194 -0.131 1.235
179 1.161 -0.103 0.713
53 1.203 -0.125 1.236
179 1.163 -0.107 0.713
53 1.203 -0.120 1.236
179 1.169 -0.110 0.711
53 1.198 -0.118 1.236
179 1.175 -0.112 0.710
53 1.189 -0.118 1.236
179 1.181 -0.113 0.710
53 1.179 -0.120 1.236
179 1.185 -0.115 0.709
53 1.167 -0.121 1.236
179 1.188 -0.117 0.709
53 1.154 -0.124 1.237
179 1.190 -0.121 0.709
53 1.140 -0.127 1.237
179 1.191 -0.126 0.710
53 1.125 -0.129 1.237
179 1.191 -0.132 0.710
53 1.109 -0.132 1.237
179 1.189 -0.137 0.711
53 1.096 -0.124 1.235
179 1.182 -0.143 0.711
53 1.095 -0.118 1.234
179 1.171 -0.145 0.712
53 1.101 -0.117 1.233
179 1.159 -0.142 0.712
53 1.109 -0.116 1.232
179 1.151 -0.139 0.711
53 1.120 -0.114 1.232
179 1.146 -0.135 0.710
53 1.133 -0.111 1.232
179 1.142 -0.130 0.710
53 1.147 -0.107 1.232
179 1.139 -0.125 0.710
53 1.161 -0.103 1.233
179 1.139 -0.120 0.710
53 1.177 -0.100 1.233
179 1.141 -0.115 0.710
53 1.192 -0.096 1.234
179 1.145 -0.111 0.710
53 1.204 -0.085 1.234
179 1.152 -0.109 0.710
53 1.206 -0.077 1.235
179 1.163 -0.106 0.709
53 1.201 -0.075 1.235
179 1.175 -0.103 0.708
53 1.193 -0.074 1.235
179 1.183 -0.102 0.708
53 1.184 -0.074 1.235
179 1.190 -0.103 0.708
53 1.173 -0.075 1.236
179 1.195 -0.108 0.708
53 1.161 -0.077 1.236
179 1.198 -0.114 0.709
53 1.146 -0.079 1.236
179 1.199 -0.121 0.709
53 1.130 -0.081 1.236
179 1.198 -0.127 0.710
53 1.110 -0.084 1.236
179 1.193 -0.131 0.711
53 1.095 -0.074 1.234
179 1.181 -0.133 0.712
53 1.093 -0.068 1.233
179 1.163 -0.129 0.713
53 1.097 -0.067 1.232
179 1.148 -0.123 0.712
53 1.105 -0.065 1.231
179 1.136 -0.119 0.711
53 1.114 -0.063 1.231
179 1.127 -0.115 0.711
53 1.126 -0.060 1.231
179 1.121 -0.111 0.711
53 1.139 -0.056 1.231
179 1.118 -0.106 0.710
53 1.154 -0.052 1.231
179 1.119 -0.100 0.710
53 1.169 -0.048 1.232
179 1.123 -0.092 0.710
53 1.186 -0.044 1.232
179 1.129 -0.085 0.711
53 1.198 -0.032 1.233
179 1.139 -0.080 0.710
53 1.200 -0.024 1.234
179 1.152 -0.075 0.710
53 1.194 -0.023 1.234
179 1.164 -0.070 0.709
53 1.187 -0.023 1.234
179 1.173 -0.069 0.709
53 1.177 -0.023 1.234
179 1.178 -0.072 0.709
53 1.166 -0.025 1.234
179 1.181 -0.078 0.709
53 1.153 -0.027 1.234
179 1.181 -0.087 0.709
53 1.139 -0.029 1.234
179 1.180 -0.097 0.710
53 1.122 -0.032 1.234
179 1.177 -0.105 0.711
53 1.104 -0.034 1.234
179 1.170 -0.111 0.711
53 1.088 -0.023 1.233
179 1.159 -0.114 0.713
53 1.084 -0.017 1.232
179 1.142 -0.106 0.714
53 1.088 -0.015 1.231
179 1.126 -0.096 0.713
53 1.097 -0.012 1.230
179 1.115 -0.089 0.713
53 1.108 -0.008 1.230
179 1.107 -0.082 0.712
53 1.120 -0.003 1.230
179 1.102 -0.076 0.712
53 1.133 0.001 1.230
179 1.102 -0.068 0.712
53 1.148 0.005 1.231
179 1.105 -0.060 0.712
53 1.164 0.009 1.231
179 1.110 -0.051 0.712
53 1.181 0.013 1.232
179 1.118 -0.044 0.712
53 1.194 0.024 1.233
179 1.129 -0.039 0.712
53 1.195 0.031 1.233
179 1.143 -0.033 0.711
53 1.188 0.031 1.233
179 1.155 -0.028 0.710
53 1.180 0.031 1.233
179 1.162 -0.028 0.710
53 1.169 0.030 1.233
179 1.165 -0.031 0.710
53 1.158 0.028 1.233
179 1.165 -0.037 0.710
53 1.144 0.027 1.233
179 1.163 -0.045 0.711
53 1.130 0.025 1.233
179 1.158 -0.055 0.711
53 1.113 0.022 1.233
179 1.151 -0.064 0.711
53 1.094 0.020 1.233
179 1.142 -0.071 0.712
53 1.077 0.032 1.233
179 1.130 -0.077 0.714
53 1.072 0.038 1.231
179 1.113 -0.070 0.715
53 1.077 0.040 1.230
179 1.099 -0.059 0.715
53 1.087 0.045 1.230
179 1.090 -0.050 0.714
53 1.100 0.050 1.230
179 1.086 -0.039 0.713
53 1.114 0.056 1.230
179 1.087 -0.028 0.713
53 1.129 0.061 1.230
179 1.091 -0.017 0.713
53 1.145 0.065 1.231
179 1.098 -0.007 0.713
53 1.161 0.069 1.231
179 1.106 0.001 0.713
53 1.178 0.071 1.231
179 1.115 0.008 0.713
53 1.191 0.082 1.233
179 1.125 0.012 0.712
53 1.191 0.088 1.233
179 1.139 0.017 0.712
53 1.184 0.088 1.233
179 1.150 0.022 0.711
53 1.175 0.088 1.233
179 1.156 0.022 0.711
53 1.164 0.087 1.233
179 1.158 0.020 0.711
53 1.152 0.087 1.233
179 1.158 0.016 0.711
53 1.139 0.086 1.233
179 1.154 0.012 0.711
53 1.124 0.085 1.233
179 1.147 0.006 0.711
53 1.107 0.084 1.233
179 1.139 0.001 0.712
53 1.089 0.083 1.233
179 1.128 -0.005 0.712
53 1.073 0.095 1.233
179 1.115 -0.012 0.714
53 1.067 0.100 1.232
179 1.097 -0.010 0.715
53 1.069 0.101 1.230
179 1.081 -0.005 0.715
53 1.078 0.104 1.230
179 1.072 0.000 0.715
53 1.092 0.109 1.230
179 1.071 0.009 0.714
53 1.109 0.114 1.230
179 1.078 0.020 0.714
53 1.127 0.118 1.231
179 1.090 0.031 0.713
53 1.146 0.122 1.231
179 1.103 0.041 0.713
53 1.164 0.124 1.231
179 1.116 0.049 0.713
53 1.182 0.126 1.232
179 1.127 0.055 0.713
53 1.195 0.136 1.233
179 1.139 0.058 0.713
53 1.197 0.142 1.234
179 1.153 0.062 0.712
53 1.192 0.143 1.234
179 1.166 0.067 0.712
53 1.185 0.144 1.234
179 1.174 0.068 0.711
53 1.175 0.145 1.234
179 1.179 0.068 0.711
53 1.164 0.147 1.235
179 1.181 0.068 0.712
53 1.151 0.149 1.235
179 1.181 0.068 0.712
53 1.136 0.151 1.236
179 1.178 0.070 0.713
53 1.120 0.153 1.236
179 1.173 0.072 0.714
53 1.100 0.155 1.236
179 1.165 0.075 0.714
53 1.086 0.165 1.236
179 1.153 0.077 0.716
53 1.083 0.171 1.234
179 1.136 0.083 0.717
53 1.086 0.172 1.233
179 1.121 0.087 0.716
53 1.092 0.172 1.232
179 1.108 0.087 0.715
53 1.100 0.174 1.231
179 1.100 0.085 0.714
53 1.111 0.176 1.230
179 1.097 0.082 0.714
53 1.125 0.177 1.231
179 1.099 0.080 0.713
53 1.143 0.177 1.231
179 1.105 0.081 0.713
53 1.163 0.176 1.232
179 1.116 0.084 0.713
53 1.183 0.175 1.232
179 1.129 0.088 0.713
53 1.198 0.186 1.234
179 1.145 0.090 0.713
53 1.203 0.193 1.235
179 1.166 0.097 0.713
53 1.201 0.196 1.235
179 1.184 0.104 0.712
53 1.196 0.199 1.236
179 1.198 0.107 0.712
53 1.187 0.203 1.237
179 1.209 0.111 0.713
53 1.177 0.209 1.237
179 1.218 0.117 0.713
53 1.161 0.213 1.238
179 1.223 0.124 0.714
53 1.147 0.217 1.238
179 1.222 0.133 0.715
53 1.129 0.221 1.237
179 1.218 0.141 0.715
53 1.111 0.225 1.237
179 1.208 0.150 0.715
53 1.099 0.236 1.237
179 1.194 0.154 0.716
53 1.100 0.243 1.235
179 1.175 0.157 0.715
53 1.108 0.242 1.233
179 1.160 0.155 0.713
53 1.118 0.240 1.232
179 1.149 0.148 0.711
53 1.128 0.236 1.231
179 1.143 0.139 0.711
53 1.138 0.232 1.231
179 1.140 0.130 0.710
53 1.150 0.228 1.231
179 1.139 0.123 0.711
53 1.163 0.225 1.231
179 1.141 0.120 0.712
53 1.179 0.224 1.232
179 1.146 0.119 0.712
53 1.195 0.224 1.232
179 1.153 0.122 0.713
53 1.208 0.238 1.235
179 1.164 0.124 0.713
53 1.210 0.248 1.235
179 1.182 0.133 0.713
53 1.205 0.252 1.236
179 1.198 0.142 0.712
53 1.198 0.257 1.237
179 1.211 0.149 0.712
53 1.187 0.262 1.237
179 1.222 0.154 0.713
53 1.175 0.267 1.237
179 1.228 0.159 0.713
53 1.159 0.270 1.238
179 1.229 0.165 0.713
53 1.141 0.270 1.238
179 1.224 0.170 0.714
53 1.122 0.271 1.237
179 1.211 0.173 0.714
53 1.101 0.272 1.237
179 1.193 0.174 0.714
53 1.085 0.282 1.237
179 1.170 0.171 0.715
53 1.081 0.286 1.235
179 1.143 0.172 0.715
53 1.084 0.282 1.233
179 1.122 0.167 0.713
53 1.091 0.279 1.232
179 1.110 0.156 0.713
53 1.103 0.276 1.231
179 1.106 0.145 0.713
53 1.119 0.272 1.232
179 1.110 0.140 0.713
53 1.140 0.271 1.232
179 1.120 0.141 0.713
53 1.161 0.271 1.233
179 1.135 0.146 0.713
53 1.182 0.272 1.234
179 1.154 0.152 0.713
53 1.203 0.273 1.234
179 1.174 0.158 0.713
53 1.217 0.266 1.234
179 1.195 0.164 0.712
53 1.223 0.258 1.234
179 1.216 0.163 0.710
53 1.222 0.259 1.236
179 1.236 0.158 0.709
53 1.215 0.262 1.237
179 1.252 0.153 0.710
53 1.202 0.265 1.238
179 1.262 0.154 0.711
53 1.183 0.266 1.238
179 1.262 0.160 0.713
53 1.164 0.267 1.238
179 1.253 0.167 0.714
53 1.143 0.269 1.238
179 1.236 0.172 0.714
53 1.122 0.271 1.237
179 1.213 0.176 0.714
53 1.100 0.273 1.237
179 1.187 0.176 0.714
53 1.087 0.264 1.233
179 1.160 0.177 0.712
53 1.083 0.254 1.230
179 1.138 0.168 0.710
53 1.083 0.247 1.229
179 1.121 0.154 0.709
53 1.088 0.240 1.228
179 1.110 0.137 0.709
53 1.097 0.234 1.228
179 1.102 0.124 0.710
53 1.111 0.230 1.228
179 1.098 0.115 0.710
53 1.130 0.228 1.229
179 1.101 0.113 0.711
53 1.149 0.227 1.230
179 1.110 0.114 0.711
53 1.169 0.227 1.231
179 1.125 0.119 0.711
53 1.189 0.228 1.231
179 1.142 0.125 0.712
53 1.201 0.221 1.231
179 1.162 0.133 0.711
53 1.205 0.214 1.231
179 1.182 0.137 0.709
53 1.205 0.213 1.232
179 1.200 0.136 0.708
53 1.201 0.216 1.233
179 1.215 0.135 0.708
53 1.194 0.219 1.234
179 1.228 0.134 0.709
53 1.184 0.223 1.236
179 1.237 0.135 0.710
53 1.169 0.225 1.236
179 1.242 0.140 0.711
53 1.152 0.228 1.236
179 1.241 0.147 0.712
53 1.133 0.230 1.236
179 1.233 0.154 0.713
53 1.114 0.232 1.236
179 1.219 0.161 0.713
53 1.106 0.227 1.233
179 1.200 0.168 0.712
53 1.108 0.222 1.231
179 1.183 0.168 0.710
53 1.114 0.220 1.230
179 1.169 0.163 0.708
53 1.120 0.217 1.228
179 1.159 0.154 0.707
53 1.128 0.214 1.227
179 1.152 0.146 0.706
53 1.136 0.211 1.227
179 1.147 0.139 0.706
53 1.146 0.206 1.226
179 1.144 0.134 0.706
53 1.156 0.203 1.227
179 1.142 0.130 0.707
53 1.168 0.201 1.227
179 1.141 0.127 0.707
53 1.182 0.200 1.228
179 1.142 0.125 0.708
53 1.189 0.192 1.228
179 1.146 0.127 0.708
53 1.188 0.186 1.228
179 1.153 0.128 0.707
53 1.181 0.182 1.228
179 1.160 0.127 0.706
53 1.172 0.181 1.228
179 1.165 0.125 0.705
53 1.162 0.181 1.229
179 1.168 0.124 0.705
53 1.151 0.181 1.229
179 1.169 0.123 0.705
53 1.138 0.183 1.229
179 1.168 0.124 0.705
53 1.126 0.185 1.230
179 1.166 0.127 0.705
53 1.112 0.187 1.230
179 1.163 0.130 0.706
53 1.097 0.190 1.230
179 1.159 0.134 0.706
53 1.088 0.187 1.229
179 1.152 0.141 0.706
53 1.088 0.186 1.227
179 1.144 0.147 0.706
53 1.093 0.187 1.226
179 1.137 0.151 0.705
53 1.099 0.188 1.225
179 1.132 0.152 0.704
53 1.108 0.189 1.225
179 1.129 0.152 0.704
53 1.120 0.189 1.225
179 1.127 0.151 0.703
53 1.133 0.188 1.225
179 1.127 0.150 0.703
53 1.148 0.186 1.226
179 1.128 0.148 0.704
53 1.164 0.184 1.226
179 1.131 0.147 0.704
53 1.181 0.181 1.227
179 1.136 0.145 0.704
53 1.193 0.171 1.228
179 1.144 0.145 0.704
53 1.195 0.165 1.228
179 1.155 0.145 0.703
53 1.191 0.163 1.228
179 1.167 0.145 0.702
53 1.184 0.162 1.229
179 1.176 0.144 0.702
53 1.175 0.162 1.229
179 1.182 0.146 0.701
53 1.165 0.163 1.230
179 1.187 0.149 0.702
53 1.153 0.166 1.230
179 1.190 0.154 0.702
53 1.140 0.168 1.231
179 1.192 0.161 0.702
53 1.124 0.171 1.231
179 1.191 0.167 0.703
53 1.103 0.173 1.231
179 1.188 0.173 0.704
53 1.090 0.166 1.230
179 1.178 0.178 0.705
53 1.088 0.162 1.228
179 1.164 0.179 0.705
53 1.094 0.161 1.227
179 1.151 0.175 0.705
53 1.102 0.159 1.227
179 1.142 0.170 0.704
53 1.113 0.155 1.226
179 1.136 0.164 0.703
53 1.126 0.151 1.226
179 1.131 0.158 0.703
53 1.139 0.147 1.226
179 1.129 0.153 0.703
53 1.153 0.142 1.227
179 1.129 0.148 0.703
53 1.167 0.139 1.227
179 1.131 0.144 0.703
53 1.183 0.136 1.228
179 1.135 0.141 0.704
53 1.195 0.125 1.229
179 1.142 0.140 0.704
53 1.196 0.120 1.229
179 1.153 0.139 0.703
53 1.191 0.119 1.229
179 1.164 0.137 0.702
53 1.183 0.119 1.230
179 1.172 0.137 0.702
53 1.174 0.120 1.230
179 1.178 0.140 0.702
53 1.162 0.122 1.230
179 1.182 0.146 0.702
53 1.149 0.124 1.231
179 1.183 0.153 0.702
53 1.135 0.126 1.231
179 1.183 0.160 0.703
53 1.118 0.128 1.231
179 1.181 0.166 0.703
53 1.099 0.130 1.231
179 1.175 0.169 0.704
53 1.084 0.119 1.230
179 1.164 0.170 0.706
53 1.082 0.111 1.229
179 1.148 0.165 0.707
53 1.087 0.109 1.228
179 1.133 0.156 0.706
53 1.095 0.105 1.227
179 1.122 0.148 0.705
53 1.106 0.101 1.227
179 1.115 0.141 0.705
53 1.119 0.097 1.227
179 1.110 0.134 0.704
53 1.132 0.092 1.227
179 1.108 0.127 0.704
53 1.146 0.088 1.228
179 1.109 0.121 0.705
53 1.162 0.084 1.228
179 1.113 0.115 0.705
53 1.178 0.081 1.229
179 1.120 0.110 0.706
53 1.191 0.070 1.230
179 1.129 0.108 0.706
53 1.192 0.065 1.231
179 1.143 0.105 0.705
53 1.187 0.065 1.231
179 1.155 0.103 0.705
53 1.178 0.065 1.231
179 1.164 0.103 0.705
53 1.168 0.066 1.231
179 1.168 0.107 0.705
53 1.157 0.068 1.231
179 1.170 0.114 0.705
53 1.144 0.071 1.232
179 1.170 0.123 0.705
53 1.129 0.073 1.232
179 1.167 0.133 0.705
53 1.112 0.076 1.231
179 1.163 0.141 0.706
53 1.093 0.078 1.231
179 1.156 0.146 0.706
53 1.077 0.066 1.231
179 1.145 0.148 0.708
53 1.073 0.059 1.230
179 1.128 0.140 0.710
53 1.078 0.056 1.229
179 1.113 0.128 0.709
53 1.087 0.051 1.229
179 1.103 0.118 0.708
53 1.099 0.046 1.228
179 1.097 0.109 0.708
53 1.113 0.040 1.229
179 1.094 0.099 0.707
53 1.127 0.035 1.229
179 1.095 0.090 0.707
53 1.143 0.031 1.229
179 1.099 0.081 0.708
53 1.159 0.027 1.230
179 1.105 0.074 0.708
53 1.176 0.024 1.230
179 1.113 0.068 0.708
53 1.189 0.013 1.232
179 1.124 0.065 0.709
53 1.190 0.009 1.232
179 1.138 0.061 0.708
53 1.184 0.009 1.232
179 1.150 0.058 0.708
53 1.175 0.009 1.233
179 1.157 0.059 0.708
53 1.164 0.010 1.233
179 1.161 0.062 0.708
53 1.152 0.011 1.233
179 1.161 0.068 0.708
53 1.139 0.013 1.233
179 1.158 0.077 0.708
53 1.125 0.015 1.233
179 1.152 0.086 0.708
53 1.108 0.018 1.233
179 1.145 0.096 0.709
53 1.089 0.020 1.232
179 1.137 0.103 0.709
53 1.072 0.009 1.233
179 1.125 0.109 0.712
53 1.066 0.003 1.232
179 1.109 0.103 0.713
53 1.070 0.000 1.231
179 1.095 0.093 0.713
53 1.080 -0.005 1.231
179 1.086 0.083 0.712
53 1.094 -0.011 1.231
179 1.083 0.071 0.711
53 1.109 -0.016 1.231
179 1.084 0.059 0.711
53 1.125 -0.021 1.231
179 1.089 0.047 0.711
53 1.142 -0.026 1.232
179 1.096 0.036 0.711
53 1.159 -0.030 1.232
179 1.106 0.027 0.711
53 1.177 -0.033 1.233
179 1.115 0.020 0.711
53 1.190 -0.043 1.234
179 1.127 0.016 0.712
53 1.191 -0.048 1.235
179 1.141 0.012 0.711
53 1.185 -0.049 1.235
179 1.153 0.008 0.711
53 1.176 -0.049 1.235
179 1.160 0.007 0.711
53 1.166 -0.050 1.235
179 1.163 0.009 0.711
53 1.154 -0.050 1.236
179 1.163 0.012 0.711
53 1.141 -0.049 1.236
179 1.160 0.017 0.711
53 1.127 -0.049 1.236
179 1.154 0.022 0.712
53 1.110 -0.048 1.236
179 1.146 0.029 0.712
53 1.092 -0.047 1.235
179 1.137 0.035 0.712
53 1.077 -0.057 1.237
179 1.124 0.042 0.715
53 1.071 -0.060 1.236
179 1.107 0.041 0.716
53 1.072 -0.059 1.234
179 1.091 0.039 0.716
53 1.079 -0.061 1.234
179 1.080 0.037 0.716
53 1.090 -0.065 1.234
179 1.075 0.032 0.715
53 1.106 -0.070 1.234
179 1.077 0.022 0.715
53 1.123 -0.075 1.234
179 1.086 0.011 0.714
53 1.142 -0.079 1.234
179 1.098 -0.001 0.714
53 1.161 -0.082 1.235
179 1.112 -0.012 0.714
53 1.181 -0.085 1.236
179 1.126 -0.021 0.714
53 1.196 -0.096 1.238
179 1.141 -0.026 0.715
53 1.199 -0.102 1.238
179 1.158 -0.032 0.714
53 1.196 -0.104 1.239
179 1.173 -0.038 0.714
53 1.190 -0.107 1.239
179 1.184 -0.041 0.714
53 1.181 -0.110 1.240
179 1.192 -0.043 0.714
53 1.170 -0.113 1.241
179 1.196 -0.045 0.715
53 1.157 -0.117 1.241
179 1.198 -0.047 0.716
53 1.139 -0.119 1.241
179 1.197 -0.049 0.716
53 1.123 -0.121 1.241
179 1.192 -0.053 0.718
53 1.105 -0.122 1.241
179 1.184 -0.057 0.718
53 1.091 -0.132 1.243
179 1.173 -0.059 0.721
53 1.090 -0.136 1.241
179 1.157 -0.063 0.722
53 1.096 -0.135 1.240
179 1.144 -0.067 0.720
53 1.104 -0.135 1.239
179 1.134 -0.067 0.719
53 1.113 -0.136 1.238
179 1.126 -0.067 0.717
53 1.122 -0.137 1.237
179 1.121 -0.065 0.717
53 1.133 -0.139 1.237
179 1.119 -0.064 0.716
53 1.146 -0.140 1.237
179 1.118 -0.063 0.716
53 1.160 -0.141 1.237
179 1.121 -0.064 0.716
53 1.176 -0.142 1.237
179 1.126 -0.065 0.716
53 1.190 -0.152 1.239
179 1.136 -0.066 0.716
53 1.192 -0.157 1.240
179 1.152 -0.071 0.716
53 1.187 -0.159 1.241
179 1.167 -0.077 0.716
53 1.180 -0.161 1.241
179 1.180 -0.082 0.716
53 1.171 -0.164 1.242
179 1.190 -0.086 0.716
53 1.160 -0.168 1.243
179 1.196 -0.090 0.717
53 1.148 -0.172 1.243
179 1.200 -0.096 0.718
53 1.135 -0.177 1.243
179 1.200 -0.102 0.718
53 1.116 -0.180 1.243
179 1.198 -0.109 0.719
53 1.101 -0.183 1.243
179 1.190 -0.116 0.719
53 1.090 -0.195 1.245
179 1.179 -0.121 0.722
53 1.090 -0.200 1.243
179 1.164 -0.126 0.721
53 1.098 -0.200 1.242
179 1.151 -0.129 0.719
53 1.108 -0.201 1.240
179 1.143 -0.127 0.717
53 1.118 -0.201 1.239
179 1.138 -0.123 0.716
53 1.130 -0.200 1.238
179 1.137 -0.117 0.715
53 1.142 -0.198 1.238
179 1.138 -0.112 0.715
53 1.157 -0.195 1.239
179 1.141 -0.109 0.715
53 1.173 -0.193 1.239
179 1.147 -0.106 0.715
53 1.190 -0.192 1.240
179 1.155 -0.106 0.716
53 1.201 -0.181 1.239
179 1.167 -0.109 0.715
53 1.204 -0.172 1.240
179 1.181 -0.110 0.714
53 1.200 -0.169 1.241
179 1.194 -0.107 0.713
53 1.193 -0.170 1.242
179 1.206 -0.105 0.714
53 1.183 -0.173 1.243
179 1.215 -0.103 0.715
53 1.171 -0.177 1.244
179 1.221 -0.104 0.716
53 1.155 -0.179 1.244
179 1.223 -0.107 0.717
53 1.140 -0.182 1.245
179 1.221 -0.112 0.719
53 1.122 -0.184 1.244
179 1.213 -0.118 0.719
53 1.104 -0.187 1.244
179 1.202 -0.124 0.720
53 1.097 -0.180 1.239
179 1.186 -0.131 0.718
53 1.100 -0.173 1.238
179 1.173 -0.134 0.716
53 1.106 -0.170 1.236
179 1.162 -0.131 0.714
53 1.114 -0.169 1.235
179 1.155 -0.126 0.712
53 1.122 -0.168 1.234
179 1.149 -0.120 0.711
53 1.131 -0.167 1.233
179 1.146 -0.113 0.711
53 1.142 -0.165 1.233
179 1.143 -0.108 0.711
53 1.153 -0.163 1.233
179 1.141 -0.104 0.711
53 1.166 -0.161 1.234
179 1.141 -0.101 0.712
53 1.180 -0.160 1.234
179 1.142 -0.100 0.712
53 1.188 -0.151 1.234
179 1.146 -0.101 0.712
53 1.188 -0.143 1.234
179 1.154 -0.102 0.711
53 1.182 -0.139 1.235
179 1.161 -0.101 0.710
53 1.174 -0.137 1.235
179 1.167 -0.099 0.709
53 1.163 -0.137 1.235
179 1.171 -0.098 0.709
53 1.152 -0.138 1.236
179 1.173 -0.098 0.710
53 1.140 -0.140 1.236
179 1.174 -0.099 0.710
53 1.127 -0.143 1.236
179 1.173 -0.102 0.710
53 1.113 -0.146 1.237
179 1.171 -0.105 0.711
53 1.096 -0.149 1.237
179 1.167 -0.110 0.711
53 1.087 -0.146 1.233
179 1.161 -0.117 0.711
53 1.087 -0.144 1.232
179 1.152 -0.124 0.711
53 1.093 -0.145 1.231
179 1.145 -0.129 0.710
53 1.100 -0.148 1.230
179 1.140 -0.133 0.709
53 1.109 -0.150 1.229
179 1.136 -0.135 0.708
53 1.120 -0.152 1.229
179 1.135 -0.136 0.708
53 1.133 -0.152 1.229
179 1.134 -0.135 0.708
53 1.149 -0.151 1.230
179 1.135 -0.134 0.708
53 1.165 -0.148 1.231
179 1.138 -0.132 0.708
53 1.182 -0.146 1.231
179 1.143 -0.130 0.708
53 1.195 -0.135 1.232
179 1.151 -0.130 0.707
53 1.197 -0.127 1.232
179 1.162 -0.128 0.706
53 1.193 -0.123 1.232
179 1.173 -0.126 0.706
53 1.187 -0.122 1.233
179 1.183 -0.125 0.705
53 1.178 -0.121 1.233
179 1.190 -0.126 0.705
53 1.167 -0.123 1.234
179 1.196 -0.130 0.706
53 1.155 -0.125 1.234
179 1.200 -0.134 0.706
53 1.138 -0.127 1.235
179 1.202 -0.140 0.707
53 1.119 -0.131 1.234
179 1.200 -0.145 0.708
53 1.100 -0.134 1.234
179 1.193 -0.150 0.709
53 1.087 -0.126 1.231
179 1.181 -0.154 0.709
53 1.085 -0.120 1.230
179 1.164 -0.154 0.710
53 1.090 -0.119 1.229
179 1.150 -0.150 0.709
53 1.098 -0.118 1.228
179 1.139 -0.146 0.708
53 1.107 -0.116 1.228
179 1.132 -0.142 0.707
53 1.119 -0.112 1.228
179 1.127 -0.137 0.707
53 1.132 -0.108 1.228
179 1.124 -0.133 0.707
53 1.146 -0.104 1.228
179 1.124 -0.128 0.707
53 1.162 -0.100 1.229
179 1.127 -0.123 0.707
53 1.178 -0.097 1.229
179 1.131 -0.118 0.707
53 1.190 -0.086 1.230
179 1.139 -0.116 0.707
53 1.192 -0.079 1.231
179 1.151 -0.113 0.706
53 1.187 -0.078 1.231
179 1.162 -0.110 0.705
53 1.179 -0.078 1.231
179 1.170 -0.111 0.705
53 1.169 -0.079 1.231
179 1.176 -0.115 0.705
53 1.158 -0.081 1.231
179 1.179 -0.122 0.705
53 1.145 -0.084 1.231
179 1.180 -0.130 0.705
53 1.129 -0.087 1.232
179 1.180 -0.139 0.706
53 1.112 -0.090 1.231
179 1.177 -0.145 0.707
53 1.093 -0.092 1.231
179 1.170 -0.148 0.707
53 1.077 -0.080 1.230
179 1.159 -0.148 0.708
53 1.075 -0.072 1.228
179 1.141 -0.140 0.709
53 1.080 -0.068 1.227
179 1.125 -0.129 0.708
53 1.088 -0.065 1.226
179 1.114 -0.121 0.708
53 1.098 -0.061 1.226
179 1.106 -0.115 0.707
53 1.110 -0.057 1.226
179 1.101 -0.109 0.707
53 1.123 -0.053 1.226
179 1.099 -0.104 0.707
53 1.138 -0.049 1.227
179 1.101 -0.098 0.707
53 1.154 -0.046 1.227
179 1.105 -0.092 0.707
53 1.171 -0.043 1.228
179 1.112 -0.086 0.707
53 1.184 -0.032 1.229
179 1.122 -0.082 0.707
53 1.185 -0.025 1.229
179 1.136 -0.078 0.706
53 1.178 -0.025 1.229
179 1.147 -0.075 0.706
53 1.169 -0.027 1.229
179 1.154 -0.077 0.706
53 1.159 -0.029 1.229
179 1.157 -0.083 0.706
53 1.147 -0.032 1.229
179 1.157 -0.092 0.706
53 1.133 -0.035 1.229
179 1.155 -0.103 0.706
53 1.116 -0.039 1.229
179 1.150 -0.114 0.706
53 1.098 -0.042 1.229
179 1.145 -0.123 0.707
53 1.078 -0.045 1.229
179 1.137 -0.126 0.708
53 1.063 -0.030 1.228
179 1.127 -0.127 0.709
53 1.061 -0.020 1.227
179 1.111 -0.114 0.710
53 1.067 -0.014 1.226
179 1.097 -0.097 0.709
53 1.077 -0.008 1.225
179 1.088 -0.085 0.708
53 1.089 -0.003 1.225
179 1.082 -0.074 0.708
53 1.102 0.002 1.225
179 1.080 -0.065 0.708
53 1.116 0.007 1.225
179 1.081 -0.057 0.707
53 1.131 0.011 1.226
179 1.084 -0.051 0.707
53 1.148 0.014 1.226
179 1.090 -0.044 0.708
53 1.165 0.016 1.227
179 1.098 -0.038 0.708
53 1.178 0.026 1.228
179 1.109 -0.035 0.708
53 1.177 0.032 1.228
179 1.123 -0.031 0.707
53 1.170 0.032 1.228
179 1.133 -0.028 0.707
53 1.159 0.030 1.228
179 1.138 -0.030 0.706
53 1.148 0.028 1.228
179 1.138 -0.035 0.706
53 1.135 0.025 1.228
179 1.134 -0.043 0.706
53 1.120 0.022 1.227
179 1.127 -0.054 0.706
53 1.102 0.018 1.227
179 1.118 -0.065 0.707
53 1.083 0.014 1.227
179 1.109 -0.076 0.707
53 1.062 0.011 1.227
179 1.099 -0.083 0.707
53 1.047 0.026 1.226
179 1.089 -0.088 0.709
53 1.045 0.036 1.225
179 1.076 -0.075 0.710
53 1.054 0.044 1.225
179 1.067 -0.056 0.710
53 1.068 0.051 1.224
179 1.064 -0.040 0.709
53 1.083 0.057 1.224
179 1.066 -0.024 0.708
53 1.098 0.062 1.225
179 1.069 -0.012 0.708
53 1.114 0.067 1.225
179 1.075 -0.002 0.708
53 1.130 0.071 1.225
179 1.081 0.006 0.708
53 1.146 0.074 1.226
179 1.087 0.012 0.708
53 1.163 0.076 1.226
179 1.094 0.016 0.708
53 1.175 0.085 1.228
179 1.104 0.018 0.708
53 1.173 0.090 1.228
179 1.116 0.022 0.707
53 1.164 0.089 1.227
179 1.126 0.024 0.707
53 1.154 0.089 1.227
179 1.130 0.024 0.706
53 1.141 0.087 1.227
179 1.128 0.020 0.706
53 1.127 0.086 1.227
179 1.123 0.016 0.706
53 1.112 0.083 1.227
179 1.114 0.009 0.706
53 1.094 0.081 1.226
179 1.102 0.002 0.706
53 1.075 0.079 1.226
179 1.090 -0.006 0.706
53 1.054 0.076 1.225
179 1.078 -0.014 0.706
53 1.038 0.088 1.226
179 1.065 -0.023 0.708
53 1.034 0.098 1.225
179 1.052 -0.018 0.710
53 1.043 0.104 1.224
179 1.045 -0.005 0.710
53 1.059 0.110 1.224
179 1.047 0.009 0.709
53 1.078 0.115 1.224
179 1.056 0.024 0.708
53 1.097 0.120 1.225
179 1.068 0.037 0.708
53 1.116 0.124 1.225
179 1.081 0.048 0.708
53 1.134 0.127 1.226
179 1.092 0.056 0.707
53 1.152 0.129 1.226
179 1.101 0.061 0.707
53 1.168 0.129 1.227
179 1.109 0.065 0.708
53 1.180 0.138 1.228
179 1.118 0.066 0.708
53 1.179 0.144 1.228
179 1.129 0.069 0.707
53 1.171 0.145 1.228
179 1.138 0.072 0.706
53 1.161 0.145 1.228
179 1.142 0.072 0.706
53 1.149 0.146 1.228
179 1.142 0.072 0.706
53 1.135 0.146 1.228
179 1.138 0.071 0.706
53 1.121 0.146 1.228
179 1.131 0.070 0.706
53 1.104 0.147 1.228
179 1.122 0.068 0.706
53 1.087 0.147 1.227
179 1.112 0.066 0.706
53 1.068 0.147 1.227
179 1.100 0.063 0.706
53 1.052 0.157 1.228
179 1.087 0.058 0.708
53 1.045 0.164 1.226
179 1.071 0.059 0.709
53 1.048 0.166 1.225
179 1.057 0.062 0.709
53 1.058 0.169 1.224
179 1.050 0.065 0.709
53 1.074 0.172 1.224
179 1.053 0.070 0.709
53 1.093 0.175 1.225
179 1.066 0.076 0.708
53 1.115 0.176 1.226
179 1.082 0.083 0.708
53 1.136 0.177 1.226
179 1.098 0.089 0.708
53 1.157 0.177 1.227
179 1.114 0.095 0.708
53 1.176 0.177 1.227
179 1.127 0.099 0.708
53 1.190 0.187 1.229
179 1.141 0.100 0.708
53 1.193 0.194 1.230
179 1.156 0.105 0.708
53 1.190 0.197 1.230
179 1.169 0.110 0.707
53 1.182 0.200 1.231
179 1.178 0.113 0.707
53 1.172 0.204 1.231
179 1.183 0.116 0.707
53 1.160 0.208 1.232
179 1.186 0.120 0.708
53 1.143 0.212 1.232
179 1.185 0.125 0.708
53 1.125 0.215 1.232
179 1.181 0.131 0.709
53 1.109 0.217 1.231
179 1.174 0.138 0.709
53 1.091 0.220 1.231
179 1.165 0.144 0.709
53 1.078 0.232 1.232
179 1.153 0.147 0.710
53 1.077 0.238 1.229
179 1.139 0.152 0.710
53 1.082 0.238 1.228
179 1.127 0.153 0.709
53 1.091 0.237 1.226
179 1.120 0.149 0.707
53 1.102 0.235 1.226
179 1.117 0.142 0.707
53 1.115 0.233 1.225
179 1.117 0.135 0.706
53 1.129 0.230 1.226
179 1.119 0.131 0.707
53 1.146 0.228 1.226
179 1.123 0.129 0.707
53 1.163 0.227 1.227
179 1.130 0.130 0.707
53 1.181 0.227 1.227
179 1.138 0.132 0.708
53 1.194 0.239 1.229
179 1.150 0.134 0.708
53 1.197 0.249 1.230
179 1.167 0.141 0.708
53 1.193 0.253 1.231
179 1.183 0.149 0.707
53 1.185 0.257 1.231
179 1.195 0.155 0.707
53 1.175 0.263 1.232
179 1.204 0.161 0.708
53 1.161 0.268 1.232
179 1.210 0.166 0.708
53 1.145 0.271 1.232
179 1.211 0.173 0.708
53 1.127 0.273 1.232
179 1.206 0.179 0.709
53 1.111 0.275 1.232
179 1.196 0.183 0.709
53 1.092 0.276 1.231
179 1.182 0.185 0.709
53 1.078 0.286 1.232
179 1.164 0.182 0.710
