53 1.152 -0.175 1.261
179 1.156 -0.076 0.733
53 1.158 -0.187 1.259
179 1.146 -0.109 0.731
53 1.167 -0.197 1.257
179 1.143 -0.133 0.729
53 1.181 -0.206 1.256
179 1.151 -0.143 0.727
53 1.202 -0.210 1.256
179 1.169 -0.144 0.726
53 1.229 -0.206 1.256
179 1.191 -0.140 0.725
53 1.251 -0.194 1.256
179 1.217 -0.137 0.723
53 1.264 -0.179 1.257
179 1.245 -0.129 0.721
53 1.268 -0.166 1.259
179 1.273 -0.116 0.721
53 1.261 -0.160 1.261
179 1.297 -0.102 0.721
53 1.244 -0.159 1.263
179 1.311 -0.091 0.723
53 1.222 -0.159 1.263
179 1.307 -0.087 0.726
53 1.199 -0.158 1.262
179 1.288 -0.087 0.727
53 1.185 -0.149 1.259
179 1.258 -0.091 0.727
53 1.182 -0.140 1.257
179 1.226 -0.092 0.727
53 1.182 -0.135 1.256
179 1.197 -0.091 0.726
53 1.184 -0.133 1.255
179 1.169 -0.088 0.725
53 1.189 -0.135 1.254
179 1.146 -0.085 0.725
53 1.197 -0.139 1.254
179 1.131 -0.081 0.725
53 1.210 -0.142 1.254
179 1.129 -0.079 0.726
53 1.217 -0.135 1.255
179 1.143 -0.081 0.725
53 1.216 -0.128 1.255
179 1.165 -0.082 0.724
53 1.212 -0.121 1.255
179 1.187 -0.080 0.724
53 1.208 -0.116 1.256
179 1.209 -0.077 0.724
53 1.204 -0.114 1.257
179 1.228 -0.073 0.724
53 1.198 -0.114 1.258
179 1.244 -0.071 0.724
53 1.191 -0.116 1.259
179 1.258 -0.069 0.725
53 1.190 -0.113 1.258
179 1.263 -0.070 0.726
53 1.199 -0.109 1.258
179 1.262 -0.072 0.726
53 1.213 -0.106 1.257
179 1.259 -0.071 0.726
53 1.228 -0.104 1.257
179 1.257 -0.069 0.725
53 1.243 -0.102 1.256
179 1.254 -0.066 0.724
53 1.257 -0.101 1.256
179 1.252 -0.063 0.724
53 1.270 -0.099 1.256
179 1.250 -0.061 0.723
53 1.278 -0.093 1.256
179 1.252 -0.061 0.723
53 1.275 -0.087 1.257
179 1.257 -0.060 0.722
53 1.265 -0.084 1.258
179 1.263 -0.057 0.722
53 1.250 -0.083 1.259
179 1.267 -0.054 0.723
53 1.231 -0.083 1.259
179 1.269 -0.051 0.723
53 1.212 -0.084 1.259
179 1.268 -0.050 0.724
53 1.193 -0.085 1.259
179 1.262 -0.050 0.726
53 1.182 -0.080 1.257
179 1.250 -0.052 0.726
53 1.182 -0.076 1.255
179 1.235 -0.054 0.726
53 1.188 -0.072 1.254
179 1.221 -0.053 0.726
53 1.197 -0.070 1.253
179 1.208 -0.051 0.725
53 1.207 -0.068 1.253
179 1.196 -0.050 0.725
53 1.218 -0.067 1.253
179 1.187 -0.048 0.725
53 1.231 -0.066 1.253
179 1.179 -0.047 0.725
53 1.237 -0.061 1.253
179 1.178 -0.047 0.724
53 1.233 -0.058 1.254
179 1.182 -0.047 0.723
53 1.224 -0.056 1.253
179 1.188 -0.046 0.722
53 1.212 -0.054 1.253
179 1.194 -0.043 0.722
53 1.199 -0.052 1.254
179 1.199 -0.040 0.722
53 1.185 -0.050 1.254
179 1.203 -0.038 0.722
53 1.171 -0.049 1.254
179 1.206 -0.035 0.723
53 1.163 -0.043 1.253
179 1.207 -0.035 0.723
53 1.165 -0.039 1.253
179 1.203 -0.035 0.724
53 1.172 -0.036 1.252
179 1.198 -0.034 0.725
53 1.184 -0.034 1.252
179 1.193 -0.032 0.725
53 1.199 -0.032 1.252
179 1.189 -0.031 0.725
53 1.215 -0.031 1.252
179 1.187 -0.029 0.725
53 1.233 -0.030 1.253
179 1.186 -0.027 0.725
53 1.243 -0.025 1.253
179 1.190 -0.027 0.724
53 1.244 -0.022 1.254
179 1.199 -0.027 0.723
53 1.238 -0.020 1.254
179 1.209 -0.025 0.722
53 1.230 -0.017 1.255
179 1.218 -0.024 0.722
53 1.218 -0.015 1.255
179 1.227 -0.022 0.722
53 1.205 -0.013 1.256
179 1.234 -0.020 0.723
53 1.190 -0.011 1.256
179 1.239 -0.018 0.723
53 1.181 -0.005 1.256
179 1.241 -0.018 0.725
53 1.183 -0.002 1.255
179 1.237 -0.017 0.726
53 1.191 -0.001 1.254
179 1.232 -0.016 0.726
53 1.203 -0.000 1.253
179 1.228 -0.014 0.725
53 1.216 0.001 1.253
179 1.224 -0.013 0.725
53 1.231 0.002 1.253
179 1.222 -0.011 0.725
53 1.246 0.004 1.253
179 1.220 -0.010 0.724
53 1.256 0.010 1.254
179 1.220 -0.009 0.724
53 1.257 0.015 1.254
179 1.225 -0.009 0.723
53 1.251 0.018 1.255
179 1.231 -0.007 0.722
53 1.241 0.021 1.256
179 1.237 -0.005 0.722
53 1.227 0.024 1.256
179 1.243 -0.003 0.723
53 1.210 0.027 1.257
179 1.247 -0.001 0.723
53 1.192 0.030 1.257
179 1.248 0.002 0.724
53 1.180 0.036 1.256
179 1.244 0.004 0.726
53 1.180 0.038 1.255
179 1.236 0.007 0.727
53 1.187 0.038 1.254
179 1.227 0.010 0.726
53 1.197 0.039 1.253
179 1.219 0.013 0.726
53 1.208 0.041 1.252
179 1.211 0.015 0.725
53 1.222 0.043 1.252
179 1.205 0.017 0.725
53 1.236 0.045 1.252
179 1.200 0.020 0.725
53 1.246 0.052 1.253
179 1.198 0.022 0.724
53 1.245 0.057 1.254
179 1.202 0.024 0.723
53 1.238 0.060 1.254
179 1.207 0.027 0.722
53 1.227 0.063 1.254
179 1.212 0.030 0.722
53 1.214 0.066 1.255
179 1.217 0.033 0.722
53 1.199 0.069 1.255
179 1.221 0.035 0.723
53 1.182 0.073 1.255
179 1.223 0.039 0.723
53 1.171 0.080 1.255
179 1.222 0.042 0.725
53 1.171 0.083 1.254
179 1.217 0.045 0.726
53 1.177 0.085 1.253
179 1.210 0.049 0.726
53 1.187 0.086 1.252
179 1.204 0.052 0.725
53 1.200 0.089 1.252
179 1.199 0.055 0.725
53 1.216 0.091 1.252
179 1.194 0.057 0.725
53 1.232 0.094 1.252
179 1.192 0.061 0.724
53 1.243 0.101 1.253
179 1.193 0.062 0.724
53 1.244 0.105 1.253
179 1.200 0.064 0.722
53 1.238 0.107 1.253
179 1.209 0.066 0.722
53 1.229 0.110 1.254
179 1.218 0.068 0.721
53 1.216 0.112 1.255
179 1.226 0.069 0.722
53 1.201 0.115 1.255
179 1.233 0.070 0.722
53 1.184 0.117 1.255
179 1.237 0.074 0.723
53 1.173 0.124 1.255
179 1.236 0.076 0.725
53 1.174 0.128 1.254
179 1.229 0.080 0.726
53 1.181 0.127 1.253
179 1.220 0.083 0.725
53 1.192 0.127 1.252
179 1.213 0.083 0.724
53 1.205 0.128 1.252
179 1.206 0.083 0.724
53 1.220 0.130 1.252
179 1.199 0.082 0.723
53 1.236 0.131 1.252
179 1.195 0.083 0.723
53 1.245 0.138 1.253
179 1.196 0.082 0.723
53 1.245 0.141 1.253
179 1.203 0.082 0.722
53 1.238 0.142 1.254
179 1.212 0.083 0.721
53 1.226 0.144 1.254
179 1.220 0.083 0.722
53 1.212 0.146 1.255
179 1.228 0.084 0.722
53 1.195 0.149 1.255
179 1.233 0.086 0.723
53 1.178 0.152 1.256
179 1.235 0.091 0.724
53 1.167 0.160 1.256
179 1.231 0.095 0.726
53 1.167 0.164 1.254
179 1.220 0.100 0.726
53 1.175 0.164 1.253
179 1.208 0.103 0.725
53 1.186 0.165 1.252
179 1.198 0.104 0.724
53 1.199 0.167 1.252
179 1.188 0.103 0.724
53 1.213 0.168 1.252
179 1.181 0.102 0.723
53 1.229 0.168 1.252
179 1.179 0.101 0.723
53 1.238 0.173 1.253
179 1.184 0.100 0.723
53 1.238 0.176 1.253
179 1.197 0.100 0.722
53 1.232 0.176 1.254
179 1.212 0.101 0.722
53 1.222 0.178 1.255
179 1.225 0.102 0.723
53 1.209 0.182 1.256
179 1.236 0.104 0.723
53 1.195 0.186 1.256
179 1.244 0.108 0.724
53 1.180 0.190 1.257
179 1.246 0.114 0.725
53 1.169 0.199 1.257
179 1.239 0.119 0.726
53 1.171 0.203 1.255
179 1.224 0.125 0.726
53 1.179 0.203 1.254
179 1.208 0.127 0.725
53 1.189 0.203 1.253
179 1.194 0.126 0.724
53 1.200 0.203 1.252
179 1.182 0.122 0.723
53 1.212 0.202 1.252
179 1.175 0.118 0.723
53 1.225 0.200 1.252
179 1.174 0.116 0.723
53 1.235 0.205 1.253
179 1.181 0.114 0.723
53 1.236 0.210 1.254
179 1.198 0.116 0.723
53 1.230 0.212 1.255
179 1.216 0.120 0.723
53 1.220 0.216 1.256
179 1.232 0.124 0.724
53 1.208 0.221 1.257
179 1.244 0.129 0.724
53 1.195 0.226 1.257
179 1.251 0.135 0.725
53 1.180 0.230 1.257
179 1.250 0.140 0.725
53 1.168 0.238 1.258
179 1.238 0.143 0.726
53 1.168 0.242 1.256
179 1.217 0.147 0.726
53 1.174 0.240 1.254
179 1.196 0.148 0.725
53 1.182 0.238 1.253
179 1.178 0.143 0.724
53 1.191 0.237 1.252
179 1.166 0.137 0.723
53 1.203 0.235 1.252
179 1.161 0.133 0.723
53 1.219 0.232 1.252
179 1.165 0.131 0.724
53 1.230 0.222 1.252
179 1.180 0.134 0.723
53 1.232 0.213 1.253
179 1.199 0.133 0.722
53 1.229 0.211 1.254
179 1.219 0.127 0.722
53 1.222 0.214 1.256
179 1.237 0.122 0.723
53 1.212 0.218 1.257
179 1.251 0.121 0.724
53 1.199 0.221 1.258
179 1.259 0.125 0.725
53 1.182 0.225 1.258
179 1.257 0.132 0.726
53 1.174 0.218 1.256
179 1.243 0.142 0.725
53 1.176 0.213 1.254
179 1.226 0.145 0.724
53 1.183 0.209 1.253
179 1.208 0.140 0.722
53 1.191 0.207 1.251
179 1.191 0.132 0.721
53 1.199 0.205 1.251
179 1.178 0.124 0.721
53 1.209 0.201 1.251
179 1.170 0.117 0.722
53 1.221 0.198 1.251
179 1.167 0.113 0.722
53 1.228 0.188 1.251
179 1.174 0.114 0.722
53 1.227 0.180 1.252
179 1.186 0.113 0.721
53 1.221 0.176 1.252
179 1.200 0.108 0.721
53 1.212 0.176 1.253
179 1.213 0.103 0.722
53 1.201 0.178 1.254
179 1.225 0.100 0.722
53 1.189 0.180 1.255
179 1.233 0.099 0.723
53 1.176 0.183 1.256
179 1.237 0.101 0.725
53 1.170 0.177 1.254
179 1.234 0.109 0.725
53 1.175 0.172 1.253
179 1.226 0.113 0.724
53 1.184 0.168 1.252
179 1.218 0.113 0.723
53 1.196 0.168 1.251
179 1.209 0.111 0.723
53 1.209 0.168 1.251
179 1.203 0.108 0.722
53 1.222 0.168 1.251
179 1.198 0.105 0.722
53 1.235 0.167 1.251
179 1.196 0.102 0.722
53 1.242 0.159 1.251
179 1.199 0.102 0.721
53 1.240 0.152 1.251
179 1.206 0.101 0.720
53 1.233 0.148 1.252
179 1.215 0.097 0.720
53 1.221 0.146 1.253
179 1.223 0.092 0.720
53 1.208 0.146 1.253
179 1.229 0.088 0.721
53 1.193 0.147 1.254
179 1.234 0.085 0.722
53 1.177 0.148 1.255
179 1.235 0.085 0.723
53 1.168 0.143 1.253
179 1.230 0.088 0.724
53 1.171 0.136 1.252
179 1.222 0.090 0.724
53 1.179 0.132 1.251
179 1.213 0.090 0.723
53 1.190 0.130 1.250
179 1.205 0.088 0.723
53 1.203 0.130 1.250
179 1.198 0.086 0.722
53 1.217 0.130 1.250
179 1.193 0.084 0.722
53 1.231 0.130 1.250
179 1.190 0.083 0.722
53 1.239 0.125 1.250
179 1.192 0.083 0.721
53 1.237 0.120 1.251
179 1.198 0.083 0.720
53 1.230 0.117 1.251
179 1.206 0.081 0.720
53 1.219 0.115 1.251
179 1.213 0.078 0.719
53 1.207 0.114 1.252
179 1.220 0.075 0.720
53 1.192 0.113 1.253
179 1.225 0.073 0.720
53 1.177 0.114 1.253
179 1.228 0.071 0.721
53 1.169 0.109 1.252
179 1.226 0.073 0.722
53 1.171 0.104 1.251
179 1.221 0.074 0.723
53 1.179 0.101 1.250
179 1.215 0.074 0.723
53 1.190 0.099 1.250
179 1.209 0.073 0.722
53 1.203 0.097 1.249
179 1.204 0.072 0.722
53 1.217 0.097 1.249
179 1.200 0.071 0.722
53 1.233 0.097 1.250
179 1.198 0.070 0.722
53 1.242 0.092 1.250
179 1.199 0.070 0.721
53 1.242 0.088 1.251
179 1.205 0.070 0.720
53 1.235 0.086 1.251
179 1.211 0.069 0.719
53 1.225 0.084 1.251
179 1.218 0.068 0.719
53 1.213 0.083 1.252
179 1.224 0.066 0.719
53 1.198 0.082 1.253
179 1.228 0.065 0.720
53 1.181 0.082 1.253
179 1.232 0.064 0.721
53 1.172 0.077 1.252
179 1.230 0.065 0.722
53 1.173 0.074 1.251
179 1.225 0.066 0.723
53 1.180 0.072 1.250
179 1.218 0.067 0.723
53 1.190 0.071 1.249
179 1.212 0.067 0.722
53 1.202 0.069 1.249
179 1.207 0.067 0.722
53 1.217 0.068 1.249
179 1.203 0.066 0.722
53 1.232 0.068 1.249
179 1.200 0.066 0.722
53 1.242 0.062 1.250
179 1.200 0.067 0.721
53 1.242 0.059 1.251
179 1.204 0.067 0.720
53 1.236 0.058 1.251
179 1.211 0.065 0.719
53 1.227 0.056 1.252
179 1.217 0.064 0.719
53 1.214 0.054 1.252
179 1.222 0.063 0.719
53 1.198 0.052 1.253
179 1.227 0.062 0.720
53 1.181 0.051 1.253
179 1.230 0.061 0.720
53 1.171 0.044 1.252
179 1.229 0.061 0.722
53 1.170 0.042 1.251
179 1.222 0.061 0.723
53 1.177 0.041 1.250
179 1.215 0.060 0.723
53 1.187 0.040 1.250
179 1.208 0.060 0.723
53 1.199 0.039 1.249
179 1.202 0.059 0.723
53 1.214 0.037 1.250
179 1.197 0.059 0.723
53 1.229 0.035 1.250
179 1.194 0.058 0.722
53 1.240 0.028 1.251
179 1.194 0.057 0.722
53 1.241 0.025 1.251
179 1.199 0.055 0.721
53 1.235 0.023 1.252
179 1.207 0.052 0.720
53 1.226 0.021 1.252
179 1.214 0.049 0.720
53 1.213 0.018 1.253
179 1.220 0.047 0.720
53 1.197 0.015 1.253
179 1.225 0.044 0.721
53 1.180 0.012 1.253
179 1.228 0.041 0.721
53 1.169 0.004 1.253
179 1.227 0.039 0.723
53 1.169 0.001 1.252
179 1.221 0.037 0.724
53 1.176 0.000 1.251
179 1.214 0.034 0.725
53 1.186 -0.001 1.250
179 1.208 0.032 0.724
53 1.199 -0.002 1.250
179 1.202 0.031 0.724
53 1.213 -0.005 1.250
179 1.197 0.029 0.724
53 1.229 -0.007 1.250
179 1.194 0.027 0.724
53 1.240 -0.014 1.251
179 1.194 0.026 0.723
53 1.241 -0.018 1.252
179 1.199 0.023 0.722
53 1.235 -0.020 1.252
179 1.206 0.019 0.721
53 1.225 -0.022 1.253
179 1.213 0.016 0.721
53 1.212 -0.026 1.253
179 1.219 0.014 0.721
53 1.196 -0.029 1.253
179 1.223 0.011 0.722
53 1.179 -0.033 1.254
179 1.226 0.007 0.723
53 1.168 -0.041 1.254
179 1.225 0.004 0.724
53 1.167 -0.044 1.252
179 1.218 0.001 0.726
53 1.174 -0.044 1.251
179 1.211 -0.003 0.726
53 1.183 -0.045 1.251
179 1.205 -0.006 0.726
53 1.196 -0.047 1.251
179 1.200 -0.008 0.725
53 1.211 -0.050 1.251
179 1.195 -0.010 0.725
53 1.227 -0.053 1.251
179 1.192 -0.013 0.725
53 1.238 -0.061 1.252
179 1.192 -0.016 0.724
53 1.238 -0.065 1.252
179 1.197 -0.019 0.723
53 1.233 -0.066 1.252
179 1.204 -0.023 0.722
53 1.223 -0.069 1.253
179 1.210 -0.027 0.722
53 1.210 -0.074 1.253
179 1.216 -0.030 0.722
53 1.194 -0.078 1.254
179 1.221 -0.034 0.722
53 1.177 -0.082 1.254
179 1.225 -0.038 0.723
53 1.166 -0.090 1.254
179 1.223 -0.042 0.725
53 1.166 -0.094 1.253
179 1.217 -0.048 0.726
53 1.172 -0.094 1.252
179 1.211 -0.053 0.726
53 1.182 -0.095 1.251
179 1.205 -0.056 0.725
53 1.195 -0.098 1.251
179 1.200 -0.059 0.725
53 1.210 -0.101 1.250
179 1.195 -0.062 0.724
53 1.226 -0.104 1.251
179 1.192 -0.065 0.724
53 1.236 -0.112 1.251
179 1.192 -0.067 0.723
53 1.237 -0.116 1.252
179 1.198 -0.068 0.722
53 1.231 -0.118 1.252
179 1.206 -0.071 0.721
53 1.221 -0.120 1.253
179 1.213 -0.071 0.721
53 1.208 -0.122 1.253
179 1.221 -0.072 0.721
53 1.192 -0.125 1.254
179 1.226 -0.074 0.722
53 1.175 -0.128 1.254
179 1.230 -0.077 0.722
53 1.163 -0.135 1.254
179 1.227 -0.081 0.724
53 1.163 -0.138 1.253
179 1.219 -0.085 0.725
53 1.170 -0.138 1.252
179 1.209 -0.089 0.725
53 1.181 -0.138 1.251
179 1.201 -0.089 0.724
53 1.194 -0.140 1.251
179 1.194 -0.088 0.723
53 1.208 -0.142 1.250
179 1.187 -0.088 0.723
53 1.224 -0.143 1.250
179 1.183 -0.088 0.723
53 1.234 -0.149 1.251
179 1.185 -0.086 0.722
53 1.234 -0.152 1.252
179 1.193 -0.087 0.721
53 1.227 -0.152 1.253
179 1.204 -0.087 0.721
53 1.217 -0.153 1.253
179 1.215 -0.087 0.721
53 1.203 -0.156 1.254
179 1.224 -0.088 0.722
53 1.187 -0.159 1.255
179 1.230 -0.091 0.723
53 1.170 -0.163 1.255
179 1.232 -0.097 0.724
53 1.160 -0.171 1.255
179 1.228 -0.102 0.726
53 1.161 -0.176 1.254
179 1.216 -0.108 0.726
53 1.169 -0.177 1.253
179 1.204 -0.112 0.725
53 1.180 -0.177 1.252
179 1.194 -0.112 0.724
53 1.193 -0.178 1.251
179 1.184 -0.110 0.723
53 1.206 -0.179 1.251
179 1.178 -0.107 0.723
53 1.221 -0.178 1.251
179 1.175 -0.105 0.723
53 1.229 -0.169 1.251
179 1.180 -0.105 0.722
53 1.228 -0.159 1.251
179 1.190 -0.104 0.721
53 1.222 -0.152 1.252
179 1.201 -0.098 0.720
53 1.213 -0.151 1.253
179 1.212 -0.092 0.721
53 1.200 -0.152 1.254
179 1.222 -0.087 0.721
53 1.186 -0.156 1.254
179 1.229 -0.086 0.723
53 1.169 -0.159 1.255
179 1.231 -0.089 0.724
53 1.162 -0.153 1.253
179 1.226 -0.096 0.724
53 1.165 -0.146 1.251
179 1.219 -0.101 0.724
53 1.174 -0.141 1.251
179 1.212 -0.100 0.723
53 1.185 -0.139 1.250
179 1.205 -0.098 0.722
53 1.198 -0.140 1.250
179 1.198 -0.094 0.722
53 1.212 -0.142 1.250
179 1.192 -0.090 0.722
53 1.227 -0.142 1.250
179 1.189 -0.087 0.722
53 1.235 -0.135 1.250
179 1.190 -0.087 0.721
53 1.234 -0.127 1.250
179 1.196 -0.086 0.720
53 1.227 -0.122 1.250
179 1.203 -0.083 0.719
53 1.217 -0.120 1.251
179 1.210 -0.079 0.719
53 1.203 -0.120 1.252
179 1.217 -0.076 0.720
53 1.187 -0.121 1.253
179 1.222 -0.073 0.721
53 1.170 -0.123 1.253
179 1.224 -0.073 0.722
53 1.161 -0.118 1.251
179 1.221 -0.076 0.722
53 1.162 -0.112 1.250
179 1.215 -0.079 0.723
53 1.169 -0.108 1.249
179 1.208 -0.080 0.723
53 1.180 -0.106 1.248
179 1.202 -0.079 0.722
53 1.193 -0.106 1.248
179 1.196 -0.078 0.722
53 1.208 -0.107 1.248
179 1.191 -0.076 0.722
53 1.224 -0.109 1.249
179 1.188 -0.075 0.721
53 1.234 -0.103 1.249
179 1.189 -0.076 0.721
53 1.235 -0.098 1.249
179 1.194 -0.076 0.719
53 1.229 -0.095 1.249
179 1.201 -0.075 0.718
53 1.219 -0.094 1.250
179 1.208 -0.073 0.718
53 1.207 -0.093 1.251
179 1.215 -0.071 0.718
53 1.192 -0.093 1.251
179 1.220 -0.070 0.719
53 1.175 -0.093 1.251
179 1.224 -0.069 0.720
53 1.164 -0.088 1.250
179 1.224 -0.071 0.721
53 1.164 -0.085 1.249
179 1.218 -0.074 0.722
53 1.171 -0.083 1.248
179 1.213 -0.075 0.722
53 1.180 -0.082 1.247
179 1.207 -0.075 0.722
53 1.193 -0.082 1.247
179 1.202 -0.076 0.721
53 1.208 -0.082 1.247
179 1.197 -0.076 0.721
53 1.224 -0.081 1.248
179 1.194 -0.076 0.721
53 1.236 -0.076 1.248
179 1.194 -0.077 0.720
53 1.238 -0.072 1.249
179 1.199 -0.077 0.719
53 1.233 -0.070 1.249
179 1.205 -0.076 0.718
53 1.225 -0.069 1.250
179 1.212 -0.075 0.717
53 1.212 -0.067 1.250
179 1.219 -0.073 0.717
53 1.196 -0.065 1.251
179 1.225 -0.072 0.718
53 1.178 -0.064 1.251
179 1.229 -0.071 0.719
53 1.166 -0.057 1.250
179 1.227 -0.071 0.720
53 1.165 -0.054 1.249
179 1.220 -0.072 0.722
53 1.170 -0.054 1.247
179 1.212 -0.071 0.722
53 1.179 -0.054 1.247
179 1.206 -0.071 0.722
53 1.191 -0.054 1.247
179 1.199 -0.071 0.721
53 1.206 -0.052 1.247
179 1.193 -0.072 0.721
53 1.223 -0.050 1.247
179 1.189 -0.072 0.721
53 1.235 -0.043 1.248
179 1.189 -0.071 0.720
53 1.237 -0.038 1.248
179 1.195 -0.069 0.719
53 1.232 -0.036 1.249
179 1.203 -0.064 0.718
53 1.224 -0.035 1.249
179 1.210 -0.061 0.718
53 1.211 -0.032 1.250
179 1.218 -0.058 0.718
53 1.195 -0.028 1.250
179 1.224 -0.056 0.718
53 1.178 -0.025 1.251
179 1.227 -0.053 0.719
53 1.166 -0.018 1.250
179 1.226 -0.052 0.721
53 1.165 -0.014 1.248
179 1.219 -0.050 0.722
53 1.171 -0.014 1.247
179 1.212 -0.047 0.722
53 1.180 -0.015 1.247
179 1.205 -0.047 0.722
53 1.192 -0.014 1.247
179 1.200 -0.047 0.722
53 1.207 -0.013 1.247
179 1.194 -0.048 0.722
53 1.224 -0.011 1.247
179 1.191 -0.048 0.722
53 1.235 -0.003 1.248
179 1.191 -0.048 0.721
53 1.237 0.001 1.249
179 1.197 -0.046 0.720
53 1.232 0.003 1.249
179 1.204 -0.042 0.719
53 1.223 0.004 1.249
179 1.211 -0.039 0.719
53 1.211 0.007 1.250
179 1.218 -0.037 0.719
53 1.195 0.011 1.250
179 1.223 -0.035 0.720
53 1.177 0.014 1.251
179 1.226 -0.032 0.720
53 1.165 0.022 1.250
179 1.224 -0.029 0.722
53 1.164 0.026 1.249
179 1.216 -0.025 0.724
53 1.169 0.025 1.248
179 1.209 -0.021 0.724
53 1.178 0.024 1.247
179 1.202 -0.020 0.724
53 1.191 0.025 1.247
179 1.196 -0.020 0.723
53 1.206 0.027 1.247
179 1.191 -0.021 0.723
53 1.222 0.030 1.247
179 1.188 -0.019 0.723
53 1.234 0.038 1.248
179 1.188 -0.018 0.722
53 1.235 0.043 1.249
179 1.194 -0.014 0.721
53 1.230 0.044 1.249
179 1.201 -0.009 0.720
53 1.221 0.046 1.250
179 1.208 -0.006 0.720
53 1.208 0.050 1.250
179 1.215 -0.004 0.720
53 1.192 0.054 1.251
179 1.220 -0.001 0.721
53 1.175 0.057 1.251
179 1.223 0.003 0.722
53 1.163 0.066 1.251
179 1.221 0.007 0.723
53 1.162 0.069 1.249
179 1.214 0.012 0.725
53 1.168 0.069 1.248
179 1.206 0.018 0.725
53 1.177 0.069 1.247
179 1.201 0.020 0.724
53 1.189 0.070 1.247
179 1.195 0.021 0.724
53 1.204 0.073 1.247
179 1.191 0.022 0.724
53 1.220 0.075 1.248
179 1.188 0.025 0.724
53 1.232 0.084 1.248
179 1.188 0.027 0.723
53 1.233 0.090 1.249
179 1.194 0.031 0.722
53 1.228 0.092 1.249
179 1.201 0.036 0.721
53 1.219 0.094 1.250
179 1.208 0.038 0.720
53 1.206 0.097 1.250
179 1.214 0.040 0.720
53 1.191 0.101 1.251
179 1.219 0.042 0.721
53 1.173 0.105 1.251
179 1.223 0.046 0.722
53 1.161 0.113 1.251
179 1.221 0.051 0.723
53 1.161 0.117 1.249
179 1.214 0.058 0.725
53 1.167 0.117 1.248
179 1.207 0.064 0.724
53 1.177 0.117 1.247
179 1.201 0.067 0.724
53 1.189 0.119 1.247
179 1.195 0.068 0.723
53 1.204 0.121 1.247
179 1.191 0.069 0.723
53 1.219 0.124 1.247
179 1.187 0.071 0.722
53 1.230 0.132 1.248
179 1.188 0.071 0.721
53 1.231 0.137 1.248
179 1.194 0.073 0.720
53 1.225 0.138 1.249
179 1.202 0.075 0.720
53 1.216 0.139 1.249
179 1.210 0.075 0.719
53 1.203 0.141 1.250
179 1.217 0.075 0.720
53 1.187 0.144 1.250
179 1.222 0.077 0.720
53 1.169 0.148 1.251
179 1.224 0.082 0.721
53 1.157 0.156 1.251
179 1.221 0.087 0.723
53 1.157 0.160 1.249
179 1.212 0.094 0.724
53 1.164 0.160 1.248
179 1.202 0.099 0.723
53 1.174 0.161 1.247
179 1.194 0.100 0.722
53 1.187 0.163 1.247
179 1.187 0.100 0.722
53 1.202 0.165 1.246
179 1.181 0.098 0.721
53 1.217 0.166 1.246
179 1.178 0.097 0.721
53 1.227 0.172 1.247
179 1.181 0.096 0.720
53 1.228 0.174 1.248
179 1.190 0.097 0.720
53 1.221 0.175 1.249
179 1.202 0.098 0.719
53 1.211 0.176 1.249
179 1.212 0.098 0.719
53 1.198 0.180 1.250
179 1.221 0.100 0.720
53 1.183 0.184 1.251
179 1.227 0.104 0.721
53 1.166 0.188 1.251
179 1.229 0.111 0.722
53 1.155 0.197 1.251
179 1.224 0.117 0.723
53 1.157 0.201 1.250
179 1.213 0.124 0.724
53 1.165 0.202 1.248
179 1.201 0.127 0.722
53 1.176 0.202 1.247
179 1.190 0.126 0.721
53 1.189 0.202 1.247
179 1.182 0.122 0.720
53 1.202 0.202 1.246
179 1.176 0.118 0.720
53 1.217 0.200 1.246
179 1.174 0.115 0.720
53 1.227 0.205 1.248
179 1.180 0.113 0.720
53 1.227 0.209 1.249
179 1.193 0.115 0.720
53 1.221 0.211 1.250
179 1.208 0.118 0.720
53 1.210 0.215 1.251
179 1.221 0.122 0.720
53 1.197 0.220 1.251
179 1.231 0.127 0.721
53 1.182 0.225 1.252
179 1.237 0.133 0.722
53 1.167 0.229 1.252
179 1.236 0.140 0.722
53 1.156 0.238 1.252
179 1.227 0.144 0.723
53 1.157 0.241 1.250
179 1.210 0.149 0.723
53 1.165 0.240 1.248
179 1.193 0.149 0.722
53 1.174 0.238 1.247
179 1.179 0.144 0.721
53 1.185 0.236 1.247
179 1.169 0.137 0.720
53 1.197 0.234 1.247
179 1.164 0.132 0.720
53 1.212 0.231 1.247
179 1.166 0.129 0.720
53 1.222 0.220 1.247
179 1.176 0.132 0.720
53 1.223 0.212 1.248
179 1.190 0.131 0.719
53 1.218 0.210 1.249
179 1.206 0.125 0.719
53 1.209 0.213 1.250
179 1.220 0.121 0.719
53 1.197 0.217 1.251
179 1.232 0.121 0.720
53 1.183 0.220 1.252
179 1.238 0.125 0.722
53 1.167 0.224 1.252
179 1.238 0.133 0.723
53 1.159 0.218 1.250
179 1.229 0.143 0.722
53 1.163 0.213 1.248
179 1.217 0.147 0.721
53 1.171 0.210 1.247
179 1.204 0.143 0.719
53 1.182 0.208 1.246
179 1.193 0.135 0.718
53 1.193 0.206 1.245
179 1.184 0.126 0.718
53 1.204 0.202 1.245
179 1.177 0.119 0.718
53 1.217 0.198 1.245
179 1.175 0.115 0.719
53 1.224 0.189 1.245
179 1.178 0.115 0.718
53 1.222 0.181 1.246
179 1.186 0.114 0.718
53 1.215 0.177 1.247
179 1.196 0.109 0.717
53 1.204 0.177 1.248
179 1.205 0.104 0.718
53 1.191 0.179 1.249
179 1.213 0.101 0.719
53 1.177 0.181 1.249
179 1.218 0.100 0.720
53 1.162 0.183 1.250
179 1.220 0.103 0.721
53 1.154 0.178 1.248
179 1.216 0.110 0.721
53 1.157 0.172 1.247
179 1.208 0.115 0.721
53 1.166 0.169 1.246
179 1.201 0.116 0.720
53 1.177 0.169 1.245
179 1.194 0.114 0.719
53 1.190 0.170 1.245
179 1.188 0.112 0.719
53 1.204 0.171 1.245
179 1.184 0.109 0.719
53 1.219 0.170 1.245
179 1.183 0.106 0.719
53 1.227 0.164 1.245
179 1.186 0.107 0.718
53 1.226 0.158 1.245
179 1.193 0.106 0.717
53 1.219 0.153 1.246
179 1.201 0.103 0.716
53 1.209 0.151 1.246
179 1.208 0.100 0.716
53 1.197 0.151 1.247
179 1.215 0.096 0.716
53 1.182 0.151 1.248
179 1.220 0.094 0.717
53 1.166 0.152 1.249
179 1.223 0.093 0.719
53 1.158 0.148 1.247
179 1.220 0.097 0.719
53 1.161 0.143 1.246
179 1.214 0.100 0.720
53 1.169 0.139 1.245
179 1.208 0.101 0.719
53 1.180 0.137 1.244
179 1.202 0.101 0.719
53 1.192 0.137 1.244
179 1.197 0.100 0.718
53 1.206 0.137 1.244
179 1.193 0.098 0.718
53 1.220 0.138 1.244
179 1.191 0.097 0.718
53 1.229 0.134 1.244
179 1.191 0.097 0.717
53 1.228 0.130 1.245
179 1.196 0.098 0.716
53 1.222 0.128 1.245
179 1.202 0.097 0.715
53 1.212 0.127 1.246
179 1.207 0.096 0.715
53 1.200 0.126 1.246
179 1.213 0.095 0.715
53 1.185 0.125 1.247
179 1.217 0.094 0.716
53 1.169 0.126 1.247
179 1.220 0.093 0.716
53 1.159 0.122 1.246
179 1.219 0.096 0.717
53 1.160 0.119 1.245
179 1.213 0.099 0.718
53 1.167 0.118 1.244
179 1.207 0.101 0.718
53 1.177 0.117 1.243
179 1.202 0.103 0.718
53 1.189 0.116 1.243
179 1.197 0.105 0.717
53 1.203 0.116 1.243
179 1.192 0.105 0.717
53 1.218 0.116 1.243
179 1.189 0.105 0.717
53 1.228 0.111 1.244
179 1.189 0.106 0.716
53 1.229 0.109 1.245
179 1.194 0.106 0.715
53 1.224 0.108 1.245
179 1.200 0.105 0.714
53 1.215 0.106 1.246
179 1.207 0.104 0.714
53 1.202 0.104 1.246
179 1.213 0.103 0.714
53 1.187 0.102 1.247
179 1.218 0.103 0.714
53 1.170 0.100 1.247
179 1.222 0.102 0.715
53 1.159 0.093 1.246
179 1.220 0.103 0.717
53 1.159 0.091 1.245
179 1.214 0.105 0.718
53 1.165 0.092 1.244
179 1.206 0.105 0.718
53 1.175 0.091 1.244
179 1.200 0.106 0.718
53 1.187 0.090 1.243
179 1.194 0.107 0.717
53 1.202 0.088 1.243
179 1.188 0.106 0.717
53 1.218 0.086 1.244
179 1.185 0.105 0.717
53 1.229 0.079 1.244
179 1.185 0.104 0.716
53 1.231 0.075 1.245
179 1.191 0.101 0.715
53 1.226 0.073 1.246
179 1.200 0.097 0.714
53 1.217 0.071 1.246
179 1.208 0.093 0.714
53 1.204 0.067 1.247
179 1.215 0.090 0.715
53 1.188 0.063 1.247
179 1.221 0.088 0.715
53 1.171 0.059 1.247
179 1.224 0.085 0.716
53 1.160 0.052 1.247
179 1.223 0.085 0.718
53 1.161 0.050 1.246
179 1.216 0.084 0.719
53 1.167 0.051 1.245
179 1.208 0.083 0.719
53 1.177 0.052 1.244
179 1.201 0.083 0.719
53 1.189 0.051 1.244
179 1.195 0.084 0.719
53 1.203 0.049 1.244
179 1.190 0.085 0.719
53 1.219 0.047 1.244
179 1.186 0.086 0.718
53 1.230 0.040 1.245
179 1.187 0.086 0.718
53 1.232 0.036 1.246
179 1.192 0.084 0.717
53 1.226 0.035 1.246
179 1.201 0.080 0.716
53 1.216 0.032 1.247
179 1.209 0.076 0.716
53 1.203 0.029 1.247
179 1.215 0.073 0.716
53 1.187 0.025 1.248
179 1.221 0.070 0.717
53 1.170 0.021 1.248
179 1.223 0.068 0.718
53 1.158 0.013 1.248
179 1.221 0.065 0.720
53 1.158 0.011 1.246
179 1.212 0.062 0.721
53 1.165 0.013 1.245
179 1.204 0.060 0.721
53 1.175 0.013 1.245
179 1.197 0.060 0.721
53 1.187 0.012 1.245
179 1.191 0.060 0.721
53 1.202 0.010 1.245
179 1.185 0.061 0.720
53 1.217 0.008 1.245
179 1.182 0.061 0.720
53 1.229 -0.001 1.246
179 1.182 0.060 0.720
53 1.230 -0.005 1.247
179 1.189 0.056 0.719
53 1.224 -0.006 1.247
179 1.198 0.051 0.718
53 1.213 -0.009 1.248
179 1.206 0.047 0.718
53 1.200 -0.012 1.248
179 1.212 0.043 0.718
53 1.185 -0.017 1.248
179 1.217 0.040 0.719
53 1.168 -0.021 1.248
179 1.220 0.036 0.720
53 1.157 -0.029 1.249
179 1.218 0.033 0.722
53 1.157 -0.032 1.247
179 1.210 0.029 0.723
53 1.164 -0.030 1.247
179 1.202 0.026 0.723
53 1.174 -0.030 1.246
179 1.196 0.026 0.723
53 1.187 -0.031 1.246
179 1.190 0.026 0.723
53 1.201 -0.033 1.246
179 1.186 0.027 0.722
53 1.217 -0.035 1.246
179 1.183 0.026 0.722
53 1.228 -0.044 1.247
179 1.183 0.025 0.722
53 1.229 -0.048 1.248
179 1.189 0.021 0.721
53 1.223 -0.049 1.248
179 1.198 0.017 0.720
53 1.212 -0.052 1.249
179 1.205 0.013 0.720
53 1.198 -0.056 1.249
179 1.211 0.010 0.720
53 1.182 -0.060 1.249
179 1.215 0.006 0.721
53 1.165 -0.064 1.249
179 1.217 0.002 0.722
53 1.154 -0.072 1.250
179 1.214 -0.003 0.724
53 1.154 -0.075 1.249
179 1.206 -0.008 0.725
53 1.160 -0.074 1.248
179 1.198 -0.013 0.725
53 1.170 -0.074 1.247
179 1.192 -0.015 0.725
53 1.183 -0.076 1.247
179 1.187 -0.016 0.724
53 1.198 -0.079 1.247
179 1.183 -0.018 0.724
53 1.214 -0.082 1.247
179 1.180 -0.021 0.723
53 1.225 -0.091 1.248
179 1.180 -0.023 0.723
53 1.225 -0.095 1.248
179 1.186 -0.027 0.722
53 1.219 -0.097 1.249
179 1.194 -0.033 0.721
53 1.208 -0.100 1.249
179 1.201 -0.036 0.721
53 1.195 -0.104 1.250
179 1.207 -0.038 0.721
53 1.179 -0.108 1.250
179 1.211 -0.042 0.721
53 1.163 -0.112 1.250
179 1.214 -0.047 0.722
53 1.151 -0.120 1.251
179 1.212 -0.052 0.724
53 1.151 -0.124 1.249
179 1.205 -0.059 0.725
53 1.158 -0.123 1.248
179 1.198 -0.065 0.725
53 1.169 -0.124 1.247
179 1.192 -0.068 0.724
53 1.182 -0.127 1.247
179 1.187 -0.069 0.723
53 1.196 -0.130 1.247
179 1.183 -0.071 0.723
53 1.212 -0.133 1.247
179 1.181 -0.072 0.722
53 1.222 -0.141 1.248
179 1.182 -0.073 0.722
53 1.223 -0.145 1.248
179 1.189 -0.074 0.721
53 1.217 -0.146 1.249
179 1.198 -0.077 0.720
53 1.207 -0.147 1.249
179 1.206 -0.078 0.720
53 1.194 -0.150 1.250
179 1.214 -0.078 0.720
53 1.178 -0.154 1.250
179 1.219 -0.082 0.721
53 1.161 -0.157 1.251
179 1.221 -0.087 0.722
53 1.149 -0.166 1.251
179 1.217 -0.093 0.724
53 1.150 -0.170 1.250
179 1.207 -0.100 0.725
53 1.157 -0.170 1.248
179 1.197 -0.104 0.724
53 1.168 -0.170 1.247
179 1.189 -0.105 0.723
53 1.181 -0.172 1.247
179 1.182 -0.103 0.722
53 1.195 -0.174 1.247
179 1.176 -0.100 0.721
53 1.210 -0.175 1.247
179 1.174 -0.099 0.721
53 1.219 -0.166 1.246
179 1.177 -0.099 0.720
53 1.217 -0.156 1.246
179 1.184 -0.098 0.719
53 1.211 -0.150 1.247
179 1.193 -0.093 0.718
53 1.201 -0.149 1.248
179 1.201 -0.089 0.718
53 1.189 -0.151 1.249
179 1.209 -0.085 0.719
53 1.174 -0.153 1.250
179 1.214 -0.083 0.720
53 1.158 -0.156 1.250
179 1.216 -0.086 0.721
53 1.150 -0.151 1.248
179 1.212 -0.092 0.721
53 1.153 -0.143 1.246
179 1.206 -0.096 0.721
53 1.161 -0.139 1.245
179 1.200 -0.097 0.721
53 1.172 -0.137 1.245
179 1.195 -0.095 0.720
53 1.184 -0.138 1.245
179 1.190 -0.093 0.720
53 1.199 -0.141 1.245
179 1.187 -0.090 0.719
53 1.214 -0.143 1.245
179 1.184 -0.088 0.719
53 1.222 -0.136 1.245
179 1.185 -0.088 0.718
53 1.222 -0.130 1.245
179 1.190 -0.088 0.717
53 1.216 -0.126 1.245
179 1.196 -0.086 0.716
53 1.207 -0.124 1.246
179 1.201 -0.084 0.716
53 1.194 -0.124 1.247
179 1.207 -0.082 0.716
53 1.179 -0.126 1.247
179 1.212 -0.081 0.717
53 1.162 -0.128 1.248
179 1.214 -0.081 0.718
53 1.152 -0.123 1.246
179 1.212 -0.085 0.719
53 1.153 -0.119 1.245
179 1.206 -0.088 0.719
53 1.160 -0.117 1.244
179 1.201 -0.091 0.719
53 1.169 -0.116 1.243
179 1.196 -0.092 0.719
53 1.181 -0.116 1.243
179 1.191 -0.093 0.718
53 1.195 -0.118 1.243
179 1.186 -0.093 0.718
53 1.210 -0.119 1.243
179 1.183 -0.093 0.718
53 1.221 -0.115 1.243
179 1.183 -0.094 0.717
53 1.222 -0.111 1.244
179 1.187 -0.095 0.716
53 1.217 -0.109 1.244
179 1.193 -0.095 0.715
53 1.208 -0.109 1.244
179 1.199 -0.095 0.714
53 1.197 -0.108 1.245
179 1.205 -0.095 0.714
53 1.182 -0.107 1.246
179 1.210 -0.095 0.714
53 1.165 -0.107 1.246
179 1.214 -0.096 0.715
53 1.153 -0.102 1.245
179 1.213 -0.099 0.716
53 1.152 -0.100 1.243
179 1.207 -0.102 0.717
53 1.157 -0.101 1.242
179 1.201 -0.105 0.718
53 1.166 -0.102 1.242
179 1.195 -0.107 0.717
53 1.178 -0.102 1.242
179 1.189 -0.109 0.717
53 1.194 -0.100 1.242
179 1.184 -0.110 0.717
53 1.212 -0.098 1.242
179 1.181 -0.109 0.716
53 1.224 -0.091 1.243
179 1.182 -0.108 0.716
53 1.227 -0.085 1.243
179 1.189 -0.104 0.714
53 1.224 -0.082 1.244
179 1.198 -0.099 0.713
53 1.216 -0.080 1.245
179 1.207 -0.095 0.713
53 1.204 -0.076 1.245
179 1.216 -0.093 0.713
53 1.186 -0.073 1.246
179 1.223 -0.092 0.714
53 1.167 -0.070 1.246
179 1.226 -0.090 0.715
53 1.155 -0.064 1.244
179 1.223 -0.091 0.717
53 1.155 -0.062 1.243
179 1.214 -0.091 0.718
53 1.161 -0.064 1.242
179 1.206 -0.090 0.718
53 1.170 -0.065 1.242
179 1.199 -0.092 0.718
53 1.182 -0.066 1.241
179 1.192 -0.094 0.718
53 1.196 -0.064 1.242
179 1.186 -0.097 0.717
53 1.213 -0.062 1.242
179 1.182 -0.098 0.717
53 1.225 -0.054 1.243
179 1.183 -0.098 0.716
53 1.227 -0.049 1.243
179 1.190 -0.094 0.715
53 1.223 -0.047 1.244
179 1.199 -0.088 0.714
53 1.214 -0.045 1.244
179 1.207 -0.084 0.714
53 1.202 -0.041 1.245
179 1.215 -0.081 0.714
53 1.186 -0.037 1.245
179 1.220 -0.080 0.715
53 1.165 -0.034 1.245
179 1.223 -0.078 0.716
53 1.153 -0.028 1.244
179 1.219 -0.077 0.717
53 1.153 -0.026 1.243
179 1.210 -0.075 0.719
53 1.158 -0.028 1.242
179 1.200 -0.073 0.719
53 1.168 -0.029 1.242
179 1.192 -0.075 0.719
53 1.180 -0.028 1.242
179 1.185 -0.077 0.719
53 1.195 -0.026 1.242
179 1.180 -0.080 0.719
53 1.212 -0.024 1.242
179 1.176 -0.080 0.718
53 1.223 -0.016 1.243
179 1.178 -0.078 0.718
53 1.225 -0.011 1.243
179 1.186 -0.072 0.716
53 1.220 -0.009 1.244
179 1.196 -0.064 0.716
53 1.211 -0.006 1.244
179 1.205 -0.060 0.716
53 1.199 -0.002 1.245
179 1.212 -0.057 0.716
53 1.184 0.002 1.245
179 1.217 -0.056 0.716
53 1.164 0.005 1.245
179 1.220 -0.054 0.717
53 1.153 0.012 1.245
179 1.216 -0.053 0.719
53 1.152 0.014 1.243
179 1.206 -0.050 0.720
53 1.158 0.012 1.242
179 1.197 -0.048 0.720
53 1.168 0.010 1.242
179 1.190 -0.050 0.720
53 1.180 0.011 1.242
179 1.183 -0.053 0.720
53 1.195 0.013 1.242
179 1.178 -0.055 0.720
53 1.212 0.015 1.242
179 1.175 -0.055 0.720
53 1.223 0.024 1.243
179 1.177 -0.053 0.719
53 1.224 0.029 1.244
179 1.186 -0.046 0.718
53 1.219 0.031 1.244
179 1.196 -0.038 0.718
53 1.209 0.034 1.245
179 1.205 -0.033 0.718
53 1.197 0.039 1.245
179 1.212 -0.030 0.718
53 1.182 0.043 1.246
179 1.217 -0.027 0.718
53 1.163 0.046 1.246
179 1.219 -0.024 0.719
53 1.151 0.054 1.246
179 1.216 -0.021 0.721
53 1.151 0.057 1.244
179 1.206 -0.016 0.723
53 1.157 0.055 1.243
179 1.197 -0.013 0.722
53 1.168 0.053 1.243
179 1.190 -0.014 0.722
53 1.180 0.054 1.243
179 1.185 -0.017 0.722
53 1.195 0.056 1.243
179 1.180 -0.018 0.722
53 1.211 0.057 1.243
179 1.177 -0.018 0.722
53 1.222 0.066 1.244
179 1.178 -0.018 0.721
53 1.223 0.072 1.245
179 1.186 -0.012 0.720
53 1.217 0.073 1.245
179 1.195 -0.006 0.719
53 1.206 0.076 1.245
179 1.203 -0.002 0.719
53 1.193 0.080 1.246
179 1.209 0.001 0.720
53 1.178 0.084 1.246
179 1.214 0.004 0.720
53 1.159 0.086 1.246
179 1.215 0.009 0.721
53 1.147 0.095 1.246
179 1.211 0.014 0.723
53 1.146 0.099 1.245
179 1.202 0.020 0.724
53 1.153 0.098 1.244
179 1.193 0.025 0.724
53 1.163 0.098 1.243
179 1.186 0.027 0.724
53 1.177 0.100 1.243
179 1.180 0.027 0.723
53 1.191 0.102 1.243
179 1.176 0.028 0.723
53 1.207 0.105 1.243
179 1.173 0.030 0.723
53 1.218 0.114 1.244
179 1.174 0.032 0.722
53 1.218 0.119 1.245
179 1.181 0.037 0.721
53 1.211 0.120 1.245
179 1.189 0.042 0.720
53 1.201 0.122 1.245
179 1.197 0.043 0.720
53 1.188 0.125 1.246
179 1.203 0.044 0.720
53 1.173 0.128 1.246
179 1.207 0.046 0.720
53 1.156 0.131 1.246
179 1.209 0.051 0.721
53 1.144 0.141 1.247
179 1.206 0.056 0.723
53 1.144 0.145 1.245
179 1.198 0.064 0.724
53 1.151 0.145 1.244
179 1.189 0.071 0.724
53 1.162 0.145 1.243
179 1.183 0.073 0.723
53 1.175 0.148 1.243
179 1.178 0.075 0.722
53 1.189 0.151 1.243
179 1.174 0.075 0.722
53 1.205 0.153 1.243
179 1.173 0.076 0.721
53 1.216 0.161 1.244
179 1.176 0.075 0.721
53 1.216 0.165 1.244
179 1.184 0.078 0.720
53 1.210 0.165 1.245
179 1.194 0.080 0.719
53 1.200 0.166 1.245
179 1.203 0.080 0.719
53 1.187 0.169 1.246
179 1.211 0.082 0.719
53 1.172 0.173 1.247
179 1.215 0.086 0.720
53 1.155 0.177 1.247
179 1.217 0.092 0.721
53 1.144 0.187 1.247
179 1.212 0.100 0.723
53 1.145 0.192 1.245
179 1.202 0.109 0.723
53 1.153 0.192 1.244
179 1.192 0.115 0.722
53 1.164 0.193 1.243
179 1.185 0.115 0.721
53 1.177 0.195 1.243
179 1.178 0.112 0.720
53 1.191 0.195 1.242
179 1.174 0.108 0.719
53 1.206 0.194 1.242
179 1.173 0.104 0.719
53 1.217 0.199 1.244
179 1.177 0.102 0.719
53 1.218 0.203 1.245
179 1.188 0.104 0.718
53 1.211 0.205 1.245
179 1.200 0.108 0.718
53 1.201 0.209 1.246
179 1.211 0.111 0.719
53 1.187 0.214 1.247
179 1.219 0.116 0.719
53 1.171 0.219 1.247
179 1.224 0.124 0.720
53 1.153 0.223 1.247
179 1.224 0.132 0.721
53 1.142 0.232 1.247
179 1.216 0.138 0.722
53 1.144 0.236 1.245
179 1.202 0.144 0.722
53 1.153 0.236 1.244
179 1.188 0.145 0.720
53 1.164 0.234 1.243
179 1.177 0.140 0.719
53 1.177 0.233 1.242
179 1.169 0.132 0.718
53 1.190 0.230 1.242
179 1.165 0.126 0.718
53 1.205 0.227 1.242
179 1.166 0.123 0.718
53 1.214 0.217 1.242
179 1.173 0.125 0.718
53 1.214 0.208 1.243
179 1.185 0.124 0.717
53 1.208 0.206 1.244
179 1.197 0.118 0.716
53 1.198 0.209 1.245
179 1.208 0.114 0.717
53 1.185 0.213 1.246
179 1.217 0.114 0.718
53 1.170 0.217 1.246
179 1.221 0.119 0.719
53 1.152 0.219 1.247
179 1.221 0.127 0.720
53 1.144 0.214 1.245
179 1.213 0.138 0.720
53 1.147 0.209 1.243
179 1.203 0.143 0.719
53 1.156 0.206 1.241
179 1.194 0.140 0.717
53 1.167 0.206 1.241
179 1.186 0.132 0.716
53 1.179 0.205 1.240
179 1.179 0.124 0.716
53 1.192 0.202 1.240
179 1.175 0.118 0.716
53 1.207 0.198 1.240
179 1.173 0.114 0.716
53 1.215 0.190 1.240
179 1.175 0.114 0.716
53 1.214 0.182 1.241
179 1.182 0.112 0.715
53 1.207 0.178 1.241
179 1.190 0.108 0.714
53 1.196 0.178 1.242
179 1.197 0.103 0.714
53 1.183 0.179 1.243
179 1.203 0.100 0.715
53 1.168 0.181 1.244
179 1.207 0.100 0.716
53 1.151 0.183 1.244
179 1.208 0.102 0.718
53 1.143 0.178 1.243
179 1.203 0.109 0.718
53 1.146 0.173 1.241
179 1.196 0.114 0.718
53 1.153 0.170 1.240
179 1.190 0.116 0.717
53 1.163 0.169 1.239
179 1.184 0.115 0.716
53 1.175 0.171 1.239
179 1.179 0.113 0.716
53 1.189 0.172 1.239
179 1.175 0.110 0.716
53 1.203 0.173 1.239
179 1.173 0.108 0.716
53 1.212 0.168 1.239
179 1.175 0.109 0.715
53 1.210 0.163 1.239
179 1.180 0.110 0.714
53 1.204 0.159 1.240
179 1.186 0.108 0.713
53 1.194 0.157 1.240
179 1.192 0.106 0.712
53 1.183 0.156 1.241
179 1.197 0.103 0.712
53 1.169 0.157 1.242
179 1.201 0.102 0.713
53 1.154 0.158 1.242
179 1.204 0.102 0.714
53 1.146 0.154 1.241
179 1.203 0.105 0.715
53 1.148 0.150 1.240
179 1.198 0.109 0.715
53 1.155 0.148 1.239
179 1.193 0.112 0.715
53 1.165 0.147 1.238
179 1.188 0.114 0.715
53 1.176 0.148 1.238
179 1.184 0.115 0.714
53 1.189 0.149 1.238
179 1.180 0.115 0.714
53 1.204 0.150 1.238
179 1.178 0.115 0.714
53 1.213 0.147 1.238
179 1.178 0.117 0.713
53 1.213 0.145 1.239
179 1.182 0.118 0.712
53 1.208 0.145 1.239
179 1.187 0.119 0.711
53 1.198 0.144 1.239
179 1.193 0.119 0.710
53 1.187 0.144 1.240
179 1.198 0.119 0.710
53 1.173 0.143 1.241
179 1.203 0.120 0.710
53 1.154 0.143 1.241
179 1.207 0.122 0.711
53 1.143 0.138 1.240
179 1.205 0.126 0.712
53 1.143 0.137 1.239
179 1.199 0.131 0.713
53 1.149 0.137 1.238
179 1.192 0.134 0.713
53 1.158 0.137 1.237
179 1.186 0.136 0.713
53 1.172 0.135 1.237
179 1.180 0.137 0.713
53 1.187 0.133 1.237
179 1.176 0.136 0.712
53 1.205 0.131 1.238
179 1.174 0.133 0.712
53 1.218 0.123 1.239
179 1.176 0.130 0.711
53 1.220 0.118 1.239
179 1.183 0.127 0.710
53 1.216 0.116 1.240
179 1.192 0.122 0.709
53 1.208 0.112 1.240
179 1.201 0.118 0.709
53 1.196 0.108 1.241
179 1.210 0.117 0.709
53 1.177 0.105 1.242
179 1.216 0.116 0.710
53 1.159 0.103 1.241
179 1.219 0.116 0.711
53 1.148 0.098 1.241
179 1.216 0.119 0.713
53 1.148 0.097 1.239
179 1.207 0.121 0.714
53 1.154 0.099 1.239
179 1.198 0.122 0.714
53 1.164 0.100 1.238
179 1.191 0.124 0.714
53 1.176 0.100 1.238
179 1.184 0.127 0.713
53 1.191 0.099 1.238
179 1.179 0.128 0.713
53 1.207 0.097 1.238
179 1.175 0.127 0.713
53 1.220 0.088 1.239
179 1.177 0.124 0.712
53 1.222 0.082 1.240
179 1.184 0.119 0.711
53 1.217 0.080 1.240
179 1.194 0.113 0.710
53 1.208 0.077 1.241
179 1.203 0.108 0.710
53 1.195 0.072 1.242
179 1.211 0.106 0.711
53 1.176 0.068 1.242
179 1.217 0.104 0.711
53 1.159 0.066 1.242
179 1.219 0.103 0.712
53 1.148 0.060 1.241
179 1.215 0.104 0.714
53 1.148 0.059 1.240
179 1.206 0.104 0.716
53 1.154 0.062 1.239
179 1.196 0.104 0.716
53 1.164 0.063 1.239
179 1.188 0.106 0.715
53 1.176 0.062 1.239
179 1.182 0.109 0.715
53 1.191 0.061 1.239
179 1.176 0.112 0.715
53 1.207 0.059 1.239
179 1.173 0.111 0.714
53 1.219 0.050 1.240
179 1.175 0.108 0.714
53 1.221 0.044 1.241
179 1.184 0.102 0.713
53 1.216 0.042 1.241
179 1.195 0.094 0.712
53 1.207 0.038 1.242
179 1.204 0.088 0.712
53 1.194 0.033 1.242
179 1.212 0.085 0.713
53 1.176 0.029 1.243
179 1.218 0.083 0.714
53 1.158 0.027 1.242
179 1.220 0.080 0.715
53 1.148 0.020 1.242
179 1.215 0.080 0.717
53 1.148 0.018 1.241
179 1.206 0.079 0.718
53 1.155 0.021 1.240
179 1.196 0.078 0.718
53 1.165 0.023 1.240
179 1.189 0.081 0.718
53 1.178 0.022 1.240
179 1.182 0.085 0.717
53 1.192 0.021 1.240
179 1.177 0.088 0.717
53 1.208 0.020 1.240
179 1.175 0.088 0.717
53 1.220 0.011 1.241
179 1.177 0.087 0.716
53 1.221 0.005 1.242
179 1.186 0.080 0.716
53 1.215 0.003 1.243
179 1.197 0.072 0.715
53 1.205 -0.001 1.243
179 1.206 0.066 0.715
53 1.192 -0.006 1.244
179 1.214 0.061 0.716
53 1.174 -0.010 1.244
179 1.219 0.057 0.716
53 1.156 -0.013 1.244
179 1.220 0.053 0.717
53 1.145 -0.021 1.244
179 1.215 0.050 0.720
53 1.146 -0.023 1.243
179 1.205 0.047 0.721
53 1.153 -0.020 1.242
179 1.195 0.046 0.721
53 1.164 -0.019 1.241
179 1.188 0.048 0.720
53 1.177 -0.020 1.241
179 1.182 0.052 0.720
53 1.191 -0.021 1.241
179 1.177 0.054 0.720
53 1.207 -0.023 1.241
179 1.174 0.055 0.719
53 1.218 -0.032 1.243
179 1.175 0.055 0.719
53 1.219 -0.037 1.243
179 1.183 0.049 0.718
53 1.212 -0.038 1.244
179 1.194 0.042 0.718
53 1.201 -0.042 1.244
179 1.202 0.037 0.718
53 1.188 -0.046 1.245
179 1.209 0.033 0.718
53 1.172 -0.050 1.245
179 1.213 0.028 0.719
53 1.152 -0.053 1.245
179 1.214 0.023 0.720
53 1.140 -0.061 1.245
179 1.209 0.018 0.722
53 1.141 -0.064 1.244
179 1.199 0.013 0.723
53 1.148 -0.063 1.243
179 1.189 0.011 0.723
53 1.159 -0.063 1.243
179 1.182 0.011 0.723
53 1.173 -0.064 1.243
179 1.176 0.013 0.722
53 1.187 -0.066 1.243
179 1.171 0.014 0.722
53 1.203 -0.068 1.243
179 1.168 0.013 0.722
53 1.214 -0.077 1.244
179 1.169 0.011 0.721
53 1.214 -0.082 1.244
179 1.176 0.006 0.720
53 1.207 -0.083 1.245
179 1.185 -0.000 0.720
53 1.195 -0.085 1.245
179 1.193 -0.004 0.720
53 1.181 -0.089 1.246
179 1.199 -0.007 0.720
53 1.166 -0.093 1.246
179 1.203 -0.011 0.721
53 1.148 -0.096 1.246
179 1.204 -0.016 0.722
53 1.136 -0.105 1.247
179 1.200 -0.021 0.724
53 1.136 -0.109 1.245
179 1.191 -0.027 0.725
53 1.144 -0.108 1.244
179 1.182 -0.032 0.725
53 1.155 -0.109 1.244
179 1.175 -0.034 0.724
53 1.168 -0.111 1.244
179 1.169 -0.034 0.723
53 1.183 -0.114 1.243
179 1.165 -0.036 0.723
53 1.199 -0.116 1.243
179 1.163 -0.039 0.722
53 1.209 -0.126 1.244
179 1.164 -0.042 0.722
53 1.209 -0.130 1.245
179 1.172 -0.046 0.721
53 1.202 -0.131 1.245
179 1.182 -0.051 0.720
53 1.191 -0.133 1.246
179 1.191 -0.053 0.720
53 1.178 -0.137 1.246
179 1.198 -0.056 0.720
53 1.163 -0.140 1.247
179 1.202 -0.059 0.721
53 1.145 -0.143 1.247
179 1.204 -0.065 0.722
53 1.133 -0.152 1.248
179 1.201 -0.070 0.724
