0 -54.049
1 -57.316
2 -37.917
3 -35.506
4 -33.136
5 -27.593
6 -20.179
7 -21.363
8 -29.399
9 -24.855
10 -20.341
11 -23.665
12 -20.239
13 -14.493
14 -17.597
15 -16.495
16 -15.934
17 -14.486
18 -12.624
19 -14.915
20 -13.106
21 -13.409
22 -14.003
23 -12.179
24 -14.384
25 -13.656
26 -12.116
27 -14.433
28 -13.063
29 -13.374
30 -12.230
31 -14.966
32 -12.966
33 -14.302
34 -12.247
35 -11.077
36 -13.428
37 -11.790
38 -11.928
39 -12.631
40 -11.287
41 -11.506
42 -10.963
43 -10.784
44 -11.351
45 -11.562
46 -11.387
47 -10.519
48 -11.638
49 -10.748
50 -12.716
51 -11.189
52 -10.824
53 -10.505
54 -9.658
55 -11.589
56 -10.492
57 -10.366
58 -10.675
59 -10.778
60 -10.576
61 -10.219
62 -10.330
