0 -89.624
1 -67.204
2 -48.406
3 -46.672
4 -41.185
5 -36.861
6 -34.100
7 -32.037
8 -34.209
9 -34.103
10 -27.491
11 -30.769
12 -31.296
13 -25.482
14 -26.577
15 -23.128
16 -22.337
17 -21.034
18 -20.158
19 -20.905
20 -19.270
21 -18.559
22 -20.067
23 -18.264
24 -19.309
25 -18.376
26 -18.160
27 -18.065
28 -17.295
29 -18.436
30 -18.349
31 -18.931
32 -17.760
33 -18.734
34 -17.959
35 -18.452
36 -17.888
37 -17.330
38 -17.094
39 -17.811
40 -16.248
41 -17.385
42 -16.940
43 -16.671
44 -17.171
45 -15.404
46 -16.597
47 -16.118
48 -16.541
49 -16.309
50 -17.375
51 -15.658
52 -15.633
53 -15.743
54 -15.876
55 -15.955
56 -15.885
57 -15.869
58 -16.105
59 -15.679
60 -16.052
61 -14.582
62 -14.417
