0 -117.244
1 -77.398
2 -58.521
3 -62.122
4 -53.054
5 -49.547
6 -48.850
7 -43.333
8 -41.278
9 -57.881
10 -41.544
11 -50.429
12 -55.806
13 -35.386
14 -38.484
15 -32.628
16 -32.713
17 -29.832
18 -27.193
19 -39.296
20 -33.166
21 -27.633
22 -27.947
23 -27.023
24 -29.432
25 -26.440
26 -25.091
27 -22.447
28 -23.077
29 -24.566
30 -23.607
31 -26.153
32 -27.133
33 -32.916
34 -24.665
35 -23.580
36 -26.024
37 -26.124
38 -22.072
39 -26.797
40 -22.339
41 -24.726
42 -25.344
43 -29.692
44 -26.934
45 -20.509
46 -22.070
47 -23.094
48 -24.282
49 -23.515
50 -27.383
51 -21.432
52 -21.663
53 -26.153
54 -21.014
55 -19.805
56 -22.147
57 -24.540
58 -23.105
59 -22.879
60 -25.302
61 -23.808
62 -18.562
