53 1.093 -0.210 1.261
129 1.087 -0.183 1.117
101 1.089 -0.133 0.877
179 1.098 -0.102 0.733
53 1.102 -0.225 1.258
129 1.089 -0.205 1.114
101 1.091 -0.164 0.875
179 1.104 -0.138 0.731
53 1.125 -0.236 1.256
129 1.108 -0.222 1.113
101 1.109 -0.185 0.873
179 1.124 -0.159 0.729
53 1.160 -0.243 1.256
129 1.144 -0.231 1.112
101 1.143 -0.193 0.871
179 1.154 -0.166 0.727
53 1.202 -0.242 1.256
129 1.189 -0.230 1.111
101 1.184 -0.191 0.869
179 1.189 -0.163 0.724
53 1.244 -0.233 1.257
129 1.235 -0.219 1.110
101 1.227 -0.183 0.867
179 1.224 -0.157 0.722
53 1.277 -0.213 1.257
129 1.277 -0.203 1.109
101 1.269 -0.173 0.865
179 1.261 -0.149 0.720
53 1.292 -0.194 1.260
129 1.309 -0.181 1.111
101 1.309 -0.154 0.865
179 1.298 -0.135 0.719
53 1.273 -0.188 1.263
129 1.306 -0.171 1.116
101 1.334 -0.137 0.868
179 1.329 -0.117 0.720
53 1.241 -0.186 1.263
129 1.275 -0.168 1.117
101 1.323 -0.132 0.872
179 1.335 -0.105 0.723
53 1.207 -0.184 1.262
129 1.240 -0.165 1.117
101 1.289 -0.130 0.874
179 1.310 -0.103 0.726
53 1.173 -0.182 1.261
129 1.203 -0.161 1.117
101 1.248 -0.126 0.874
179 1.269 -0.103 0.727
53 1.136 -0.181 1.260
129 1.163 -0.159 1.116
101 1.203 -0.125 0.874
179 1.223 -0.105 0.728
53 1.110 -0.173 1.255
129 1.125 -0.157 1.112
101 1.155 -0.130 0.872
179 1.174 -0.112 0.727
53 1.097 -0.166 1.252
129 1.096 -0.150 1.109
101 1.110 -0.128 0.870
179 1.127 -0.114 0.726
53 1.095 -0.167 1.250
129 1.076 -0.151 1.107
101 1.072 -0.125 0.868
179 1.085 -0.109 0.725
53 1.107 -0.172 1.250
129 1.075 -0.157 1.106
101 1.051 -0.121 0.867
179 1.060 -0.097 0.724
53 1.133 -0.173 1.251
129 1.099 -0.158 1.107
101 1.064 -0.116 0.867
179 1.065 -0.087 0.724
53 1.170 -0.165 1.252
129 1.139 -0.148 1.108
101 1.103 -0.111 0.867
179 1.096 -0.084 0.724
53 1.210 -0.155 1.254
129 1.184 -0.137 1.110
101 1.151 -0.106 0.868
179 1.141 -0.085 0.724
53 1.239 -0.139 1.255
129 1.225 -0.126 1.110
101 1.202 -0.103 0.868
179 1.191 -0.087 0.723
53 1.257 -0.128 1.257
129 1.260 -0.112 1.111
101 1.251 -0.096 0.868
179 1.241 -0.087 0.722
53 1.263 -0.126 1.260
129 1.283 -0.109 1.114
101 1.295 -0.090 0.869
179 1.289 -0.082 0.722
53 1.251 -0.133 1.263
129 1.287 -0.117 1.118
101 1.326 -0.091 0.872
179 1.329 -0.079 0.723
53 1.229 -0.143 1.263
129 1.269 -0.130 1.119
101 1.327 -0.103 0.875
179 1.346 -0.082 0.726
53 1.200 -0.150 1.262
129 1.240 -0.140 1.118
101 1.301 -0.114 0.876
179 1.326 -0.091 0.728
53 1.166 -0.152 1.260
129 1.204 -0.142 1.116
101 1.259 -0.118 0.875
179 1.283 -0.098 0.728
53 1.146 -0.146 1.256
129 1.173 -0.140 1.112
101 1.212 -0.122 0.872
179 1.232 -0.106 0.726
53 1.137 -0.138 1.253
129 1.149 -0.131 1.109
101 1.171 -0.120 0.870
179 1.185 -0.110 0.725
53 1.133 -0.132 1.250
129 1.129 -0.125 1.106
101 1.133 -0.116 0.867
179 1.142 -0.110 0.723
53 1.133 -0.129 1.248
129 1.113 -0.123 1.104
101 1.099 -0.113 0.865
179 1.104 -0.104 0.721
53 1.138 -0.130 1.247
129 1.106 -0.123 1.103
101 1.075 -0.107 0.864
179 1.078 -0.092 0.721
53 1.157 -0.130 1.248
129 1.118 -0.122 1.104
101 1.074 -0.098 0.865
179 1.071 -0.077 0.722
53 1.188 -0.125 1.250
129 1.150 -0.115 1.106
101 1.101 -0.087 0.866
179 1.091 -0.065 0.722
53 1.209 -0.109 1.251
129 1.182 -0.102 1.107
101 1.144 -0.081 0.866
179 1.131 -0.062 0.722
53 1.217 -0.093 1.252
129 1.205 -0.082 1.108
101 1.185 -0.067 0.866
179 1.175 -0.057 0.721
53 1.221 -0.081 1.253
129 1.224 -0.067 1.108
101 1.220 -0.054 0.866
179 1.215 -0.049 0.721
53 1.220 -0.075 1.255
129 1.237 -0.059 1.111
101 1.251 -0.044 0.868
179 1.251 -0.042 0.721
53 1.213 -0.075 1.258
129 1.243 -0.058 1.114
101 1.277 -0.039 0.870
179 1.283 -0.036 0.723
53 1.193 -0.081 1.259
129 1.232 -0.065 1.116
101 1.288 -0.043 0.873
179 1.306 -0.034 0.725
53 1.170 -0.088 1.258
129 1.211 -0.075 1.116
101 1.275 -0.054 0.875
179 1.305 -0.042 0.728
53 1.163 -0.086 1.255
129 1.199 -0.082 1.113
101 1.253 -0.068 0.873
179 1.280 -0.054 0.728
53 1.173 -0.085 1.254
129 1.198 -0.081 1.111
101 1.236 -0.072 0.871
179 1.255 -0.062 0.726
53 1.186 -0.084 1.253
129 1.201 -0.080 1.109
101 1.223 -0.072 0.869
179 1.232 -0.066 0.724
53 1.198 -0.083 1.251
129 1.204 -0.078 1.108
101 1.211 -0.072 0.867
179 1.213 -0.067 0.723
53 1.210 -0.082 1.250
129 1.207 -0.078 1.106
101 1.200 -0.072 0.866
179 1.197 -0.069 0.721
53 1.221 -0.082 1.249
129 1.209 -0.078 1.105
101 1.191 -0.074 0.864
179 1.184 -0.070 0.720
53 1.231 -0.082 1.248
129 1.212 -0.079 1.104
101 1.184 -0.075 0.864
179 1.174 -0.070 0.720
53 1.234 -0.077 1.248
129 1.214 -0.080 1.104
101 1.182 -0.078 0.863
179 1.170 -0.071 0.720
53 1.226 -0.073 1.248
129 1.213 -0.077 1.103
101 1.185 -0.077 0.863
179 1.172 -0.071 0.719
53 1.211 -0.071 1.248
129 1.205 -0.073 1.103
101 1.187 -0.073 0.862
179 1.177 -0.068 0.718
53 1.192 -0.068 1.248
129 1.193 -0.070 1.103
101 1.186 -0.069 0.862
179 1.182 -0.064 0.718
53 1.172 -0.066 1.249
129 1.180 -0.067 1.104
101 1.184 -0.065 0.862
179 1.184 -0.061 0.718
53 1.151 -0.064 1.249
129 1.165 -0.064 1.104
101 1.180 -0.061 0.863
179 1.185 -0.058 0.718
53 1.130 -0.063 1.248
129 1.150 -0.062 1.104
101 1.174 -0.059 0.863
179 1.184 -0.056 0.718
53 1.118 -0.057 1.247
129 1.135 -0.061 1.103
101 1.164 -0.061 0.864
179 1.179 -0.057 0.719
53 1.118 -0.052 1.246
129 1.126 -0.057 1.103
101 1.151 -0.060 0.865
179 1.168 -0.058 0.721
53 1.127 -0.050 1.245
129 1.125 -0.055 1.102
101 1.141 -0.059 0.865
179 1.157 -0.058 0.721
53 1.142 -0.047 1.245
129 1.131 -0.053 1.102
101 1.135 -0.059 0.864
179 1.147 -0.059 0.721
53 1.161 -0.046 1.245
129 1.142 -0.051 1.102
101 1.132 -0.059 0.864
179 1.139 -0.059 0.721
53 1.183 -0.044 1.246
129 1.158 -0.050 1.103
101 1.135 -0.057 0.864
179 1.135 -0.058 0.721
53 1.207 -0.044 1.247
129 1.178 -0.049 1.103
101 1.143 -0.055 0.864
179 1.137 -0.055 0.721
53 1.222 -0.037 1.248
129 1.197 -0.048 1.104
101 1.161 -0.055 0.864
179 1.148 -0.053 0.720
53 1.222 -0.034 1.248
129 1.208 -0.043 1.104
101 1.181 -0.051 0.863
179 1.168 -0.050 0.719
53 1.214 -0.031 1.249
129 1.211 -0.039 1.104
101 1.197 -0.046 0.863
179 1.187 -0.045 0.718
53 1.204 -0.027 1.249
129 1.210 -0.034 1.104
101 1.209 -0.041 0.863
179 1.204 -0.041 0.718
53 1.191 -0.022 1.250
129 1.206 -0.029 1.105
101 1.218 -0.037 0.863
179 1.218 -0.038 0.718
53 1.175 -0.018 1.251
129 1.199 -0.024 1.107
101 1.224 -0.032 0.865
179 1.230 -0.035 0.719
53 1.155 -0.014 1.251
129 1.186 -0.019 1.108
101 1.226 -0.028 0.867
179 1.238 -0.033 0.721
53 1.145 -0.006 1.250
129 1.173 -0.016 1.108
101 1.217 -0.027 0.869
179 1.237 -0.031 0.723
53 1.151 -0.004 1.249
129 1.171 -0.013 1.107
101 1.208 -0.024 0.869
179 1.229 -0.030 0.725
53 1.166 -0.004 1.248
129 1.178 -0.013 1.106
101 1.205 -0.023 0.868
179 1.222 -0.028 0.724
53 1.183 -0.004 1.247
129 1.188 -0.013 1.105
101 1.206 -0.023 0.867
179 1.218 -0.026 0.723
53 1.201 -0.003 1.247
129 1.200 -0.012 1.104
101 1.208 -0.023 0.866
179 1.216 -0.026 0.722
53 1.219 -0.003 1.247
129 1.213 -0.012 1.104
101 1.211 -0.023 0.865
179 1.214 -0.026 0.721
53 1.238 -0.002 1.247
129 1.226 -0.011 1.104
101 1.215 -0.023 0.865
179 1.214 -0.026 0.721
53 1.251 0.006 1.248
129 1.240 -0.010 1.104
101 1.223 -0.025 0.864
179 1.216 -0.028 0.721
53 1.252 0.011 1.249
129 1.249 -0.005 1.105
101 1.234 -0.024 0.864
179 1.223 -0.030 0.720
53 1.243 0.016 1.250
129 1.250 -0.001 1.105
101 1.243 -0.023 0.864
179 1.233 -0.030 0.719
53 1.227 0.020 1.252
129 1.243 0.004 1.107
101 1.248 -0.021 0.864
179 1.241 -0.030 0.720
53 1.205 0.025 1.252
129 1.229 0.009 1.108
101 1.248 -0.018 0.866
179 1.248 -0.030 0.721
53 1.179 0.028 1.252
129 1.208 0.014 1.109
101 1.241 -0.013 0.868
179 1.250 -0.027 0.722
53 1.150 0.029 1.251
129 1.182 0.017 1.109
101 1.227 -0.007 0.869
179 1.244 -0.022 0.724
53 1.135 0.035 1.250
129 1.161 0.018 1.108
101 1.205 -0.005 0.870
179 1.229 -0.017 0.726
53 1.135 0.034 1.248
129 1.151 0.018 1.107
101 1.187 -0.003 0.870
179 1.210 -0.013 0.726
53 1.144 0.033 1.247
129 1.150 0.016 1.105
101 1.175 -0.003 0.868
179 1.193 -0.010 0.725
53 1.156 0.035 1.246
129 1.154 0.017 1.104
101 1.166 -0.003 0.867
179 1.180 -0.009 0.724
53 1.172 0.039 1.246
129 1.160 0.021 1.104
101 1.159 -0.001 0.867
179 1.168 -0.008 0.724
53 1.190 0.043 1.246
129 1.170 0.027 1.103
101 1.155 0.003 0.866
179 1.158 -0.006 0.723
53 1.210 0.048 1.246
129 1.184 0.033 1.103
101 1.155 0.009 0.866
179 1.151 -0.003 0.723
53 1.222 0.058 1.247
129 1.199 0.039 1.104
101 1.164 0.013 0.865
179 1.152 0.002 0.722
53 1.220 0.062 1.247
129 1.206 0.045 1.104
101 1.176 0.020 0.864
179 1.162 0.008 0.721
53 1.209 0.064 1.247
129 1.203 0.048 1.103
101 1.185 0.025 0.863
179 1.175 0.014 0.720
53 1.194 0.067 1.247
129 1.197 0.051 1.103
101 1.191 0.029 0.863
179 1.185 0.018 0.719
53 1.177 0.071 1.248
129 1.188 0.056 1.104
101 1.194 0.033 0.864
179 1.194 0.022 0.719
53 1.159 0.076 1.248
129 1.177 0.061 1.105
101 1.195 0.037 0.864
179 1.200 0.026 0.720
53 1.139 0.080 1.249
129 1.163 0.067 1.106
101 1.194 0.043 0.866
179 1.204 0.030 0.721
53 1.127 0.090 1.249
129 1.149 0.072 1.107
101 1.185 0.047 0.868
179 1.202 0.035 0.723
53 1.129 0.092 1.247
129 1.143 0.076 1.106
101 1.174 0.053 0.868
179 1.194 0.040 0.725
53 1.140 0.093 1.246
129 1.145 0.077 1.104
101 1.168 0.056 0.867
179 1.185 0.045 0.724
53 1.155 0.095 1.245
129 1.152 0.079 1.103
101 1.165 0.058 0.866
179 1.179 0.047 0.723
53 1.173 0.098 1.245
129 1.162 0.083 1.103
101 1.164 0.060 0.866
179 1.173 0.050 0.723
53 1.193 0.102 1.245
129 1.176 0.088 1.103
101 1.165 0.064 0.865
179 1.169 0.052 0.722
53 1.214 0.105 1.245
129 1.192 0.093 1.103
101 1.170 0.069 0.865
179 1.168 0.056 0.722
53 1.228 0.115 1.246
129 1.209 0.098 1.103
101 1.180 0.072 0.864
179 1.171 0.058 0.721
53 1.228 0.119 1.247
129 1.218 0.104 1.103
101 1.194 0.078 0.863
179 1.182 0.062 0.720
53 1.220 0.122 1.247
129 1.219 0.106 1.103
101 1.205 0.081 0.862
179 1.195 0.065 0.719
53 1.206 0.126 1.248
129 1.214 0.110 1.103
101 1.212 0.083 0.862
179 1.206 0.067 0.718
53 1.189 0.131 1.249
129 1.205 0.115 1.105
101 1.216 0.086 0.863
179 1.215 0.070 0.719
53 1.168 0.136 1.250
129 1.191 0.121 1.106
101 1.216 0.092 0.865
179 1.222 0.074 0.720
53 1.144 0.141 1.250
129 1.173 0.128 1.107
101 1.210 0.100 0.866
179 1.224 0.081 0.722
53 1.129 0.149 1.250
129 1.154 0.132 1.107
101 1.196 0.106 0.868
179 1.216 0.089 0.724
53 1.132 0.151 1.248
129 1.147 0.136 1.106
101 1.181 0.112 0.868
179 1.203 0.096 0.724
53 1.142 0.149 1.246
129 1.149 0.135 1.104
101 1.174 0.114 0.866
179 1.191 0.101 0.723
53 1.156 0.151 1.245
129 1.155 0.137 1.102
101 1.169 0.115 0.865
179 1.182 0.102 0.721
53 1.173 0.155 1.244
129 1.163 0.141 1.101
101 1.165 0.116 0.863
179 1.173 0.101 0.720
53 1.192 0.159 1.244
129 1.175 0.146 1.101
101 1.164 0.118 0.863
179 1.167 0.100 0.720
53 1.212 0.163 1.244
129 1.189 0.150 1.101
101 1.166 0.121 0.862
179 1.164 0.100 0.719
53 1.224 0.170 1.245
129 1.205 0.152 1.101
101 1.177 0.120 0.862
179 1.167 0.099 0.719
53 1.223 0.170 1.246
129 1.213 0.152 1.101
101 1.191 0.119 0.861
179 1.179 0.098 0.718
53 1.215 0.169 1.247
129 1.214 0.149 1.102
101 1.202 0.117 0.861
179 1.193 0.097 0.717
53 1.201 0.171 1.248
129 1.209 0.150 1.103
101 1.210 0.116 0.862
179 1.205 0.096 0.718
53 1.182 0.176 1.249
129 1.199 0.155 1.104
101 1.214 0.119 0.863
179 1.215 0.098 0.719
53 1.160 0.181 1.249
129 1.183 0.162 1.106
101 1.212 0.126 0.865
179 1.221 0.103 0.720
53 1.136 0.186 1.250
129 1.164 0.169 1.107
101 1.204 0.135 0.866
179 1.220 0.113 0.722
53 1.121 0.195 1.250
129 1.145 0.174 1.107
101 1.187 0.142 0.868
179 1.209 0.122 0.724
53 1.123 0.198 1.247
129 1.136 0.179 1.105
101 1.170 0.149 0.867
179 1.191 0.129 0.724
53 1.133 0.197 1.246
129 1.137 0.178 1.103
101 1.159 0.149 0.865
179 1.176 0.131 0.722
53 1.147 0.200 1.245
129 1.142 0.180 1.102
101 1.151 0.147 0.864
179 1.163 0.127 0.720
53 1.164 0.204 1.244
129 1.151 0.183 1.101
101 1.146 0.145 0.863
179 1.152 0.121 0.719
53 1.184 0.204 1.244
129 1.164 0.184 1.100
101 1.146 0.142 0.862
179 1.147 0.115 0.719
53 1.207 0.200 1.244
129 1.183 0.180 1.100
101 1.155 0.140 0.862
179 1.149 0.112 0.719
53 1.224 0.203 1.246
129 1.205 0.177 1.102
101 1.174 0.136 0.862
179 1.162 0.111 0.719
53 1.227 0.206 1.247
129 1.220 0.179 1.103
101 1.199 0.138 0.862
179 1.185 0.113 0.718
53 1.221 0.210 1.249
129 1.226 0.183 1.104
101 1.218 0.140 0.863
179 1.209 0.116 0.719
53 1.207 0.217 1.250
129 1.223 0.191 1.106
101 1.232 0.146 0.864
179 1.230 0.120 0.720
53 1.189 0.226 1.251
129 1.212 0.202 1.107
101 1.239 0.158 0.866
179 1.245 0.130 0.721
53 1.166 0.233 1.252
129 1.195 0.212 1.108
101 1.235 0.172 0.868
179 1.250 0.143 0.722
53 1.139 0.237 1.251
129 1.172 0.219 1.108
101 1.222 0.183 0.868
179 1.243 0.155 0.723
53 1.125 0.246 1.251
129 1.152 0.223 1.108
101 1.197 0.186 0.869
179 1.220 0.161 0.724
53 1.125 0.248 1.248
129 1.140 0.225 1.105
101 1.170 0.187 0.867
179 1.189 0.161 0.723
53 1.132 0.245 1.246
129 1.135 0.220 1.103
101 1.150 0.179 0.864
179 1.162 0.153 0.721
53 1.142 0.241 1.244
129 1.133 0.215 1.101
101 1.133 0.168 0.863
179 1.140 0.140 0.719
53 1.155 0.239 1.244
129 1.137 0.210 1.100
101 1.123 0.158 0.862
179 1.125 0.127 0.719
53 1.176 0.235 1.244
129 1.152 0.206 1.101
101 1.126 0.153 0.862
179 1.123 0.120 0.720
53 1.203 0.231 1.245
129 1.177 0.203 1.101
101 1.144 0.153 0.863
179 1.135 0.121 0.720
53 1.225 0.239 1.248
129 1.208 0.206 1.103
101 1.176 0.155 0.864
179 1.162 0.126 0.720
53 1.232 0.248 1.250
129 1.229 0.216 1.105
101 1.212 0.165 0.864
179 1.199 0.136 0.720
53 1.228 0.258 1.251
129 1.239 0.227 1.107
101 1.240 0.176 0.865
179 1.233 0.147 0.720
53 1.216 0.270 1.253
129 1.238 0.242 1.108
101 1.259 0.190 0.867
179 1.262 0.159 0.721
53 1.197 0.280 1.253
129 1.227 0.256 1.109
101 1.266 0.206 0.868
179 1.277 0.172 0.722
53 1.170 0.284 1.253
129 1.205 0.262 1.109
101 1.254 0.215 0.868
179 1.273 0.180 0.722
53 1.139 0.281 1.252
129 1.174 0.259 1.109
101 1.225 0.215 0.868
179 1.246 0.183 0.722
53 1.115 0.286 1.252
129 1.140 0.256 1.108
101 1.182 0.208 0.868
179 1.203 0.178 0.723
53 1.098 0.287 1.219
129 1.114 0.256 1.079
101 1.141 0.205 0.846
179 1.158 0.173 0.705
53 1.089 0.282 1.216
129 1.090 0.249 1.076
101 1.106 0.195 0.844
179 1.120 0.163 0.703
53 1.088 0.280 1.214
129 1.074 0.243 1.075
101 1.076 0.182 0.843
179 1.089 0.148 0.704
53 1.101 0.281 1.213
129 1.077 0.244 1.074
101 1.061 0.176 0.843
179 1.070 0.137 0.704
53 1.128 0.278 1.214
129 1.100 0.244 1.075
101 1.072 0.178 0.843
179 1.072 0.137 0.704
53 1.162 0.275 1.216
129 1.134 0.243 1.076
101 1.101 0.182 0.843
179 1.094 0.144 0.704
53 1.196 0.273 1.217
129 1.170 0.243 1.077
101 1.137 0.187 0.844
179 1.128 0.152 0.704
53 1.216 0.259 1.217
129 1.199 0.236 1.077
101 1.173 0.191 0.843
179 1.163 0.159 0.703
53 1.225 0.252 1.218
129 1.220 0.227 1.076
101 1.203 0.187 0.841
179 1.194 0.162 0.700
53 1.226 0.257 1.220
129 1.233 0.230 1.078
101 1.228 0.186 0.841
179 1.220 0.161 0.699
53 1.219 0.269 1.222
129 1.239 0.241 1.080
101 1.248 0.191 0.842
179 1.243 0.161 0.700
53 1.201 0.279 1.223
129 1.231 0.254 1.082
101 1.258 0.201 0.844
179 1.260 0.166 0.701
53 1.176 0.285 1.224
129 1.211 0.264 1.083
101 1.254 0.214 0.846
179 1.266 0.179 0.703
53 1.148 0.288 1.223
129 1.185 0.269 1.083
101 1.238 0.226 0.847
179 1.258 0.192 0.705
53 1.139 0.280 1.220
129 1.171 0.268 1.080
101 1.217 0.231 0.845
179 1.237 0.200 0.703
53 1.148 0.271 1.218
129 1.170 0.257 1.077
101 1.204 0.223 0.842
179 1.218 0.195 0.701
53 1.161 0.263 1.216
129 1.175 0.248 1.074
101 1.195 0.211 0.839
179 1.203 0.183 0.698
53 1.175 0.258 1.214
129 1.181 0.241 1.073
101 1.189 0.201 0.837
179 1.193 0.172 0.697
53 1.188 0.253 1.213
129 1.186 0.234 1.072
101 1.184 0.192 0.837
179 1.185 0.163 0.696
53 1.201 0.249 1.213
129 1.191 0.228 1.071
101 1.181 0.187 0.837
179 1.180 0.159 0.697
53 1.214 0.247 1.213
129 1.197 0.226 1.072
101 1.179 0.185 0.837
179 1.176 0.157 0.698
53 1.220 0.238 1.212
129 1.203 0.225 1.071
101 1.181 0.188 0.837
179 1.175 0.159 0.697
53 1.215 0.233 1.213
129 1.205 0.220 1.070
101 1.185 0.188 0.835
179 1.177 0.162 0.695
53 1.203 0.234 1.213
129 1.201 0.219 1.070
101 1.187 0.187 0.834
179 1.179 0.162 0.694
53 1.188 0.237 1.213
129 1.192 0.222 1.070
101 1.186 0.188 0.834
179 1.181 0.162 0.694
53 1.170 0.242 1.214
129 1.181 0.227 1.071
101 1.183 0.191 0.834
179 1.181 0.164 0.694
53 1.151 0.248 1.215
129 1.168 0.233 1.072
101 1.179 0.195 0.835
179 1.179 0.167 0.694
53 1.130 0.255 1.216
129 1.153 0.241 1.074
101 1.173 0.202 0.836
179 1.176 0.172 0.695
53 1.118 0.253 1.214
129 1.139 0.247 1.072
101 1.162 0.211 0.836
179 1.170 0.180 0.695
53 1.120 0.252 1.212
129 1.132 0.248 1.070
101 1.151 0.216 0.835
179 1.161 0.186 0.695
53 1.129 0.254 1.210
129 1.131 0.251 1.068
101 1.144 0.219 0.834
179 1.153 0.190 0.694
53 1.140 0.257 1.208
129 1.135 0.254 1.067
101 1.139 0.221 0.832
179 1.147 0.190 0.693
53 1.156 0.258 1.208
129 1.142 0.256 1.066
101 1.137 0.221 0.832
179 1.143 0.189 0.693
53 1.175 0.256 1.208
129 1.153 0.254 1.066
101 1.137 0.219 0.832
179 1.140 0.187 0.693
53 1.196 0.252 1.209
129 1.169 0.251 1.067
101 1.141 0.218 0.833
179 1.139 0.185 0.694
53 1.209 0.241 1.210
129 1.185 0.245 1.067
101 1.152 0.218 0.832
179 1.144 0.186 0.693
53 1.208 0.232 1.210
129 1.193 0.236 1.067
101 1.166 0.213 0.831
179 1.155 0.185 0.691
53 1.199 0.229 1.210
129 1.193 0.232 1.066
101 1.175 0.210 0.829
179 1.166 0.183 0.690
53 1.187 0.230 1.210
129 1.189 0.232 1.066
101 1.180 0.211 0.829
179 1.174 0.184 0.689
53 1.172 0.233 1.211
129 1.182 0.236 1.067
101 1.182 0.214 0.829
179 1.179 0.187 0.689
53 1.154 0.237 1.213
129 1.172 0.242 1.069
101 1.182 0.221 0.830
179 1.181 0.193 0.689
53 1.131 0.242 1.214
129 1.156 0.249 1.071
101 1.179 0.229 0.831
179 1.182 0.200 0.690
53 1.114 0.239 1.212
129 1.137 0.253 1.070
101 1.168 0.238 0.832
179 1.179 0.208 0.690
53 1.110 0.236 1.210
129 1.123 0.251 1.069
101 1.154 0.240 0.833
179 1.169 0.213 0.691
53 1.117 0.236 1.209
129 1.120 0.252 1.068
101 1.143 0.241 0.832
179 1.159 0.214 0.691
53 1.132 0.233 1.208
129 1.125 0.249 1.067
101 1.138 0.240 0.831
179 1.151 0.212 0.691
53 1.153 0.227 1.208
129 1.137 0.243 1.067
101 1.137 0.234 0.831
179 1.146 0.207 0.690
53 1.176 0.221 1.209
129 1.155 0.235 1.067
101 1.140 0.227 0.830
179 1.143 0.200 0.690
53 1.200 0.216 1.209
129 1.175 0.227 1.067
101 1.148 0.220 0.830
179 1.144 0.194 0.690
53 1.215 0.205 1.210
129 1.193 0.221 1.068
101 1.161 0.217 0.830
179 1.151 0.192 0.690
53 1.216 0.199 1.211
129 1.204 0.213 1.067
101 1.177 0.212 0.829
179 1.164 0.190 0.688
53 1.207 0.200 1.211
129 1.205 0.214 1.067
101 1.187 0.212 0.828
179 1.175 0.191 0.687
53 1.195 0.202 1.211
129 1.201 0.218 1.067
101 1.193 0.217 0.828
179 1.184 0.197 0.687
53 1.177 0.204 1.212
129 1.192 0.223 1.069
101 1.196 0.225 0.828
179 1.190 0.205 0.686
53 1.155 0.207 1.213
129 1.177 0.227 1.070
101 1.195 0.233 0.829
179 1.194 0.212 0.687
53 1.129 0.208 1.214
129 1.155 0.228 1.072
101 1.187 0.237 0.831
179 1.195 0.217 0.688
53 1.109 0.199 1.212
129 1.130 0.225 1.071
101 1.170 0.238 0.833
179 1.187 0.218 0.689
53 1.105 0.193 1.210
129 1.115 0.217 1.070
101 1.149 0.230 0.833
179 1.170 0.215 0.691
53 1.112 0.190 1.208
129 1.111 0.214 1.068
101 1.134 0.226 0.832
179 1.154 0.210 0.690
53 1.126 0.186 1.207
129 1.115 0.210 1.067
101 1.125 0.223 0.832
179 1.141 0.207 0.690
53 1.146 0.180 1.207
129 1.127 0.202 1.067
101 1.121 0.218 0.831
179 1.131 0.203 0.690
53 1.169 0.174 1.208
129 1.144 0.195 1.067
101 1.123 0.210 0.831
179 1.127 0.196 0.690
53 1.193 0.170 1.209
129 1.165 0.187 1.068
101 1.132 0.201 0.831
179 1.129 0.188 0.690
53 1.210 0.159 1.210
129 1.185 0.182 1.068
101 1.150 0.196 0.831
179 1.139 0.183 0.689
53 1.210 0.155 1.210
129 1.196 0.176 1.068
101 1.168 0.190 0.830
179 1.154 0.180 0.688
53 1.201 0.159 1.210
129 1.197 0.180 1.068
101 1.179 0.193 0.829
179 1.167 0.183 0.687
53 1.188 0.162 1.211
129 1.192 0.187 1.068
101 1.184 0.203 0.829
179 1.176 0.192 0.687
53 1.171 0.165 1.211
129 1.182 0.193 1.069
101 1.186 0.215 0.830
179 1.181 0.205 0.687
53 1.148 0.168 1.212
129 1.166 0.197 1.070
101 1.183 0.224 0.831
179 1.184 0.214 0.687
53 1.121 0.168 1.212
129 1.143 0.197 1.071
101 1.173 0.225 0.832
179 1.183 0.216 0.688
53 1.100 0.156 1.211
129 1.118 0.190 1.071
101 1.155 0.221 0.834
179 1.174 0.214 0.690
53 1.097 0.147 1.209
129 1.103 0.177 1.070
101 1.133 0.207 0.834
179 1.155 0.203 0.691
53 1.105 0.141 1.207
129 1.100 0.170 1.068
101 1.117 0.198 0.834
179 1.136 0.195 0.691
53 1.120 0.135 1.207
129 1.105 0.164 1.067
101 1.107 0.193 0.833
179 1.122 0.190 0.691
53 1.140 0.130 1.207
129 1.117 0.156 1.067
101 1.103 0.187 0.832
179 1.111 0.185 0.691
53 1.163 0.125 1.207
129 1.135 0.148 1.068
101 1.107 0.178 0.832
179 1.108 0.177 0.691
53 1.188 0.121 1.208
129 1.157 0.142 1.068
101 1.119 0.167 0.833
179 1.113 0.168 0.691
53 1.204 0.111 1.210
129 1.178 0.136 1.069
101 1.139 0.162 0.833
179 1.126 0.161 0.691
53 1.204 0.108 1.210
129 1.188 0.132 1.069
101 1.158 0.156 0.832
179 1.144 0.158 0.690
53 1.194 0.113 1.210
129 1.187 0.139 1.069
101 1.168 0.162 0.832
179 1.157 0.162 0.689
53 1.180 0.118 1.210
129 1.181 0.148 1.069
101 1.171 0.176 0.832
179 1.163 0.175 0.689
53 1.162 0.122 1.211
129 1.170 0.156 1.070
101 1.170 0.192 0.832
179 1.166 0.192 0.689
53 1.138 0.125 1.211
129 1.152 0.161 1.070
101 1.165 0.203 0.833
179 1.167 0.204 0.689
53 1.111 0.126 1.211
129 1.128 0.161 1.071
101 1.154 0.203 0.834
179 1.165 0.205 0.690
53 1.089 0.110 1.210
129 1.103 0.150 1.071
101 1.135 0.196 0.836
179 1.155 0.199 0.692
53 1.087 0.098 1.208
129 1.089 0.134 1.070
101 1.113 0.176 0.836
179 1.135 0.183 0.693
53 1.097 0.090 1.207
129 1.087 0.124 1.069
101 1.098 0.163 0.835
179 1.116 0.170 0.693
53 1.113 0.083 1.206
129 1.094 0.114 1.068
101 1.089 0.155 0.835
179 1.101 0.162 0.693
53 1.134 0.078 1.206
129 1.107 0.106 1.068
101 1.086 0.146 0.834
179 1.091 0.155 0.693
53 1.157 0.073 1.207
129 1.126 0.098 1.068
101 1.092 0.135 0.834
179 1.090 0.145 0.693
53 1.182 0.069 1.208
129 1.148 0.092 1.069
101 1.106 0.124 0.835
179 1.097 0.134 0.693
53 1.198 0.059 1.209
129 1.169 0.086 1.070
101 1.127 0.118 0.835
179 1.112 0.127 0.693
53 1.196 0.057 1.209
129 1.178 0.083 1.070
101 1.146 0.113 0.834
179 1.131 0.123 0.692
53 1.184 0.063 1.209
129 1.174 0.091 1.069
101 1.153 0.121 0.834
179 1.142 0.128 0.692
53 1.169 0.068 1.209
129 1.166 0.101 1.069
101 1.153 0.137 0.834
179 1.146 0.143 0.691
53 1.149 0.074 1.210
129 1.152 0.111 1.070
101 1.148 0.155 0.834
179 1.145 0.164 0.691
53 1.125 0.079 1.210
129 1.133 0.119 1.070
101 1.139 0.170 0.834
179 1.142 0.180 0.691
53 1.097 0.080 1.210
129 1.109 0.121 1.071
101 1.127 0.173 0.836
179 1.137 0.183 0.692
53 1.076 0.063 1.209
129 1.084 0.108 1.071
101 1.109 0.166 0.838
179 1.127 0.178 0.694
53 1.076 0.048 1.207
129 1.071 0.088 1.070
101 1.089 0.141 0.838
179 1.109 0.157 0.696
53 1.088 0.038 1.206
129 1.074 0.073 1.069
101 1.076 0.123 0.837
179 1.092 0.138 0.695
53 1.107 0.029 1.206
129 1.084 0.061 1.068
101 1.071 0.109 0.836
179 1.079 0.124 0.695
53 1.128 0.023 1.206
129 1.098 0.052 1.068
101 1.071 0.096 0.836
179 1.072 0.112 0.695
53 1.151 0.019 1.207
129 1.117 0.044 1.068
101 1.078 0.084 0.836
179 1.073 0.100 0.695
53 1.176 0.015 1.208
129 1.139 0.037 1.069
101 1.093 0.073 0.836
179 1.082 0.089 0.695
53 1.191 0.005 1.209
129 1.160 0.032 1.070
101 1.114 0.067 0.836
179 1.098 0.082 0.695
53 1.187 0.003 1.209
129 1.167 0.030 1.070
101 1.132 0.063 0.836
179 1.116 0.077 0.694
53 1.174 0.009 1.208
129 1.160 0.038 1.069
101 1.136 0.071 0.835
179 1.125 0.083 0.694
53 1.157 0.014 1.208
129 1.149 0.047 1.069
101 1.132 0.086 0.835
179 1.125 0.097 0.693
53 1.136 0.021 1.208
129 1.133 0.058 1.069
101 1.123 0.105 0.835
179 1.118 0.119 0.693
53 1.111 0.027 1.208
129 1.112 0.068 1.069
101 1.110 0.122 0.835
179 1.109 0.138 0.693
53 1.082 0.030 1.208
129 1.087 0.073 1.070
101 1.094 0.131 0.836
179 1.102 0.148 0.694
53 1.061 0.013 1.208
129 1.061 0.062 1.071
101 1.076 0.129 0.838
179 1.092 0.148 0.696
53 1.063 -0.003 1.207
129 1.052 0.039 1.070
101 1.060 0.101 0.839
179 1.078 0.125 0.698
53 1.080 -0.016 1.206
129 1.060 0.021 1.069
101 1.054 0.076 0.838
179 1.066 0.098 0.697
53 1.102 -0.026 1.206
129 1.076 0.006 1.068
101 1.056 0.056 0.837
179 1.060 0.077 0.696
53 1.124 -0.033 1.206
129 1.093 -0.005 1.068
101 1.060 0.040 0.836
179 1.058 0.060 0.696
53 1.147 -0.037 1.207
129 1.112 -0.013 1.068
101 1.069 0.027 0.836
179 1.061 0.047 0.696
53 1.171 -0.041 1.207
129 1.133 -0.020 1.069
101 1.084 0.016 0.837
179 1.070 0.036 0.696
53 1.185 -0.050 1.209
129 1.152 -0.024 1.070
101 1.104 0.012 0.837
179 1.086 0.030 0.696
53 1.179 -0.052 1.208
129 1.156 -0.026 1.070
101 1.119 0.009 0.836
179 1.103 0.026 0.695
53 1.164 -0.047 1.208
129 1.148 -0.019 1.069
101 1.121 0.015 0.836
179 1.109 0.030 0.695
53 1.145 -0.043 1.207
129 1.134 -0.011 1.068
101 1.114 0.028 0.835
179 1.106 0.042 0.694
53 1.124 -0.037 1.207
129 1.116 -0.001 1.068
101 1.101 0.044 0.835
179 1.094 0.060 0.694
53 1.098 -0.031 1.207
129 1.093 0.008 1.068
101 1.082 0.061 0.834
179 1.079 0.079 0.694
53 1.068 -0.026 1.206
129 1.066 0.016 1.068
101 1.062 0.074 0.835
179 1.066 0.095 0.694
53 1.047 -0.042 1.206
129 1.039 0.008 1.069
101 1.042 0.078 0.837
179 1.054 0.102 0.697
53 1.049 -0.057 1.205
129 1.031 -0.014 1.069
101 1.029 0.054 0.839
179 1.044 0.083 0.698
53 1.071 -0.071 1.205
129 1.047 -0.033 1.068
101 1.032 0.027 0.838
179 1.041 0.054 0.698
53 1.098 -0.080 1.206
129 1.070 -0.049 1.068
101 1.044 0.002 0.837
179 1.045 0.026 0.697
53 1.124 -0.087 1.206
129 1.092 -0.061 1.068
101 1.057 -0.017 0.837
179 1.052 0.004 0.696
53 1.147 -0.093 1.206
129 1.112 -0.070 1.068
101 1.070 -0.032 0.837
179 1.061 -0.011 0.696
53 1.170 -0.096 1.207
129 1.133 -0.076 1.069
101 1.084 -0.041 0.837
179 1.070 -0.021 0.697
53 1.182 -0.105 1.208
129 1.149 -0.079 1.070
101 1.101 -0.044 0.837
179 1.083 -0.025 0.696
53 1.175 -0.107 1.208
129 1.151 -0.081 1.069
101 1.114 -0.046 0.836
179 1.097 -0.028 0.695
53 1.159 -0.105 1.207
129 1.141 -0.077 1.068
101 1.114 -0.042 0.835
179 1.102 -0.025 0.694
53 1.139 -0.101 1.206
129 1.127 -0.071 1.067
101 1.105 -0.032 0.834
179 1.096 -0.017 0.694
53 1.117 -0.097 1.206
129 1.108 -0.063 1.067
101 1.090 -0.021 0.834
179 1.082 -0.004 0.693
53 1.091 -0.092 1.205
129 1.084 -0.056 1.066
101 1.069 -0.009 0.833
179 1.064 0.010 0.693
53 1.061 -0.088 1.205
129 1.055 -0.049 1.066
101 1.045 0.004 0.833
179 1.046 0.025 0.693
53 1.038 -0.100 1.205
129 1.027 -0.053 1.067
101 1.020 0.014 0.836
179 1.029 0.039 0.695
53 1.038 -0.114 1.204
129 1.016 -0.071 1.067
101 1.005 -0.002 0.837
179 1.017 0.031 0.698
53 1.062 -0.125 1.204
129 1.034 -0.088 1.067
101 1.012 -0.025 0.837
179 1.019 0.006 0.698
53 1.094 -0.133 1.205
129 1.064 -0.102 1.068
101 1.033 -0.049 0.837
179 1.033 -0.021 0.697
53 1.124 -0.139 1.206
129 1.093 -0.113 1.068
101 1.057 -0.069 0.836
179 1.052 -0.045 0.696
53 1.150 -0.144 1.207
129 1.118 -0.121 1.068
101 1.079 -0.083 0.836
179 1.070 -0.062 0.696
53 1.175 -0.147 1.207
129 1.141 -0.127 1.069
101 1.097 -0.092 0.837
179 1.084 -0.072 0.696
53 1.188 -0.156 1.208
129 1.158 -0.130 1.070
101 1.114 -0.095 0.836
179 1.097 -0.077 0.696
53 1.183 -0.159 1.208
129 1.162 -0.133 1.069
101 1.126 -0.097 0.835
179 1.109 -0.079 0.694
53 1.168 -0.158 1.207
129 1.154 -0.130 1.068
101 1.127 -0.094 0.834
179 1.114 -0.077 0.693
53 1.150 -0.157 1.207
129 1.141 -0.127 1.067
101 1.120 -0.089 0.833
179 1.109 -0.072 0.692
53 1.128 -0.155 1.206
129 1.123 -0.123 1.066
101 1.107 -0.082 0.832
179 1.097 -0.065 0.692
53 1.104 -0.154 1.206
129 1.101 -0.120 1.066
101 1.088 -0.076 0.832
179 1.080 -0.056 0.691
53 1.076 -0.152 1.205
129 1.075 -0.117 1.066
101 1.065 -0.068 0.832
179 1.061 -0.047 0.691
53 1.052 -0.161 1.205
129 1.046 -0.119 1.066
101 1.038 -0.059 0.833
179 1.040 -0.034 0.693
53 1.034 -0.166 1.176
129 1.022 -0.125 1.041
101 1.014 -0.061 0.815
179 1.021 -0.030 0.678
53 1.031 -0.169 1.174
129 1.006 -0.128 1.040
101 0.990 -0.060 0.815
179 1.000 -0.027 0.679
53 1.049 -0.175 1.175
129 1.016 -0.137 1.040
101 0.985 -0.069 0.816
179 0.990 -0.032 0.680
53 1.078 -0.180 1.176
129 1.042 -0.146 1.041
101 1.003 -0.084 0.816
179 1.003 -0.049 0.680
53 1.109 -0.184 1.177
129 1.073 -0.154 1.042
101 1.031 -0.099 0.816
179 1.025 -0.065 0.680
53 1.137 -0.188 1.178
129 1.100 -0.159 1.043
101 1.054 -0.109 0.817
179 1.043 -0.078 0.680
53 1.161 -0.189 1.179
129 1.121 -0.163 1.044
101 1.069 -0.116 0.817
179 1.053 -0.087 0.680
53 1.163 -0.180 1.178
129 1.126 -0.161 1.043
101 1.077 -0.121 0.816
179 1.059 -0.093 0.679
53 1.143 -0.170 1.176
129 1.110 -0.149 1.041
101 1.067 -0.113 0.814
179 1.053 -0.089 0.677
53 1.115 -0.162 1.175
129 1.082 -0.137 1.039
101 1.042 -0.099 0.813
179 1.033 -0.075 0.676
53 1.081 -0.157 1.173
129 1.047 -0.129 1.038
101 1.009 -0.083 0.812
179 1.005 -0.056 0.676
53 1.044 -0.154 1.172
129 1.010 -0.122 1.037
101 0.977 -0.066 0.812
179 0.981 -0.035 0.676
53 1.012 -0.151 1.171
129 0.979 -0.116 1.037
101 0.957 -0.053 0.812
179 0.969 -0.020 0.676
53 0.987 -0.147 1.172
129 0.960 -0.109 1.038
101 0.949 -0.044 0.813
179 0.967 -0.014 0.676
53 0.979 -0.137 1.171
129 0.949 -0.102 1.037
101 0.943 -0.041 0.813
179 0.965 -0.013 0.676
53 1.005 -0.135 1.171
129 0.965 -0.101 1.037
101 0.943 -0.038 0.813
179 0.961 -0.012 0.677
53 1.041 -0.137 1.173
129 1.001 -0.107 1.038
101 0.964 -0.049 0.812
179 0.971 -0.019 0.676
53 1.071 -0.139 1.174
129 1.031 -0.112 1.039
101 0.990 -0.059 0.812
179 0.990 -0.028 0.676
53 1.098 -0.142 1.175
129 1.056 -0.115 1.040
101 1.010 -0.065 0.813
179 1.005 -0.035 0.676
53 1.123 -0.143 1.176
129 1.079 -0.118 1.041
101 1.025 -0.071 0.814
179 1.013 -0.042 0.676
53 1.147 -0.143 1.177
129 1.100 -0.120 1.042
101 1.039 -0.078 0.815
179 1.021 -0.049 0.677
53 1.149 -0.133 1.177
129 1.107 -0.118 1.042
101 1.052 -0.084 0.814
179 1.033 -0.058 0.677
53 1.130 -0.125 1.175
129 1.093 -0.107 1.040
101 1.046 -0.079 0.813
179 1.032 -0.058 0.676
53 1.100 -0.118 1.174
129 1.062 -0.097 1.039
101 1.020 -0.066 0.812
179 1.013 -0.046 0.675
53 1.065 -0.114 1.172
129 1.025 -0.091 1.038
101 0.984 -0.052 0.811
179 0.984 -0.029 0.675
53 1.028 -0.113 1.171
129 0.988 -0.086 1.037
101 0.953 -0.037 0.811
179 0.961 -0.011 0.675
53 0.998 -0.112 1.170
129 0.960 -0.082 1.037
101 0.937 -0.026 0.811
179 0.953 0.001 0.674
53 0.975 -0.108 1.171
129 0.943 -0.075 1.037
101 0.933 -0.018 0.811
179 0.954 0.007 0.674
53 0.968 -0.097 1.170
129 0.933 -0.067 1.036
101 0.928 -0.013 0.811
179 0.953 0.008 0.673
53 0.997 -0.092 1.170
129 0.953 -0.063 1.036
101 0.929 -0.009 0.811
179 0.948 0.010 0.674
53 1.034 -0.092 1.172
129 0.991 -0.066 1.037
101 0.952 -0.017 0.810
179 0.960 0.006 0.673
53 1.064 -0.093 1.173
129 1.022 -0.069 1.038
101 0.979 -0.025 0.810
179 0.980 -0.001 0.672
53 1.091 -0.095 1.174
129 1.047 -0.072 1.039
101 0.999 -0.031 0.811
179 0.994 -0.007 0.673
53 1.117 -0.096 1.175
129 1.070 -0.075 1.041
101 1.014 -0.036 0.812
179 1.001 -0.012 0.674
53 1.141 -0.097 1.177
129 1.092 -0.077 1.042
101 1.029 -0.041 0.813
179 1.010 -0.018 0.675
53 1.144 -0.087 1.176
129 1.099 -0.074 1.042
101 1.044 -0.048 0.813
179 1.024 -0.028 0.674
53 1.124 -0.078 1.175
129 1.084 -0.064 1.041
101 1.038 -0.044 0.812
179 1.025 -0.028 0.674
53 1.093 -0.071 1.173
129 1.053 -0.054 1.039
101 1.012 -0.032 0.811
179 1.005 -0.019 0.673
53 1.057 -0.066 1.172
129 1.016 -0.046 1.038
101 0.975 -0.018 0.810
179 0.975 -0.004 0.673
53 1.022 -0.065 1.171
129 0.979 -0.042 1.037
101 0.943 -0.005 0.810
179 0.952 0.013 0.673
53 0.992 -0.065 1.170
129 0.952 -0.039 1.037
101 0.927 0.005 0.810
179 0.945 0.024 0.672
53 0.968 -0.063 1.170
129 0.934 -0.035 1.037
101 0.923 0.012 0.810
179 0.947 0.030 0.671
53 0.961 -0.053 1.169
129 0.924 -0.028 1.036
101 0.918 0.016 0.810
179 0.945 0.031 0.671
53 0.992 -0.046 1.170
129 0.946 -0.022 1.036
101 0.920 0.020 0.809
179 0.941 0.033 0.671
53 1.029 -0.045 1.171
129 0.985 -0.023 1.037
101 0.945 0.015 0.808
179 0.953 0.029 0.669
53 1.059 -0.045 1.172
129 1.015 -0.024 1.038
101 0.972 0.009 0.808
179 0.974 0.024 0.669
53 1.087 -0.046 1.174
129 1.042 -0.027 1.039
101 0.992 0.005 0.809
179 0.987 0.020 0.670
53 1.112 -0.047 1.175
129 1.065 -0.029 1.040
101 1.007 0.001 0.810
179 0.994 0.017 0.671
53 1.137 -0.048 1.176
129 1.087 -0.030 1.042
101 1.023 -0.003 0.812
179 1.003 0.013 0.672
53 1.139 -0.039 1.176
129 1.094 -0.028 1.042
101 1.039 -0.009 0.812
179 1.019 0.005 0.672
53 1.119 -0.028 1.175
129 1.079 -0.017 1.041
101 1.035 -0.004 0.812
179 1.021 0.004 0.672
53 1.088 -0.020 1.173
129 1.048 -0.006 1.039
101 1.009 0.007 0.811
179 1.002 0.013 0.672
53 1.053 -0.014 1.172
129 1.011 0.004 1.038
101 0.972 0.022 0.810
179 0.972 0.027 0.671
53 1.019 -0.011 1.171
129 0.975 0.010 1.037
101 0.939 0.035 0.809
179 0.948 0.041 0.671
53 0.989 -0.012 1.170
129 0.948 0.011 1.037
101 0.923 0.042 0.809
179 0.941 0.050 0.670
53 0.965 -0.012 1.170
129 0.929 0.012 1.037
101 0.919 0.046 0.809
179 0.943 0.054 0.669
53 0.958 -0.005 1.169
129 0.918 0.015 1.036
101 0.914 0.047 0.808
179 0.941 0.054 0.668
53 0.988 0.001 1.170
129 0.940 0.020 1.035
101 0.915 0.049 0.807
179 0.936 0.054 0.668
53 1.024 0.003 1.171
129 0.979 0.020 1.036
101 0.939 0.046 0.806
179 0.949 0.051 0.667
53 1.055 0.003 1.172
129 1.010 0.020 1.037
101 0.967 0.041 0.806
179 0.969 0.046 0.667
53 1.083 0.002 1.174
129 1.037 0.018 1.039
101 0.988 0.038 0.807
179 0.983 0.043 0.667
53 1.109 0.002 1.175
129 1.060 0.017 1.040
101 1.004 0.037 0.808
179 0.990 0.043 0.668
53 1.134 0.001 1.176
129 1.083 0.016 1.042
101 1.020 0.035 0.810
179 1.000 0.042 0.670
53 1.136 0.010 1.176
129 1.091 0.018 1.042
101 1.037 0.031 0.811
179 1.016 0.038 0.670
53 1.115 0.021 1.175
129 1.076 0.030 1.041
101 1.034 0.037 0.811
179 1.020 0.039 0.670
53 1.085 0.031 1.173
129 1.045 0.043 1.039
101 1.010 0.050 0.810
179 1.003 0.049 0.670
53 1.050 0.039 1.172
129 1.009 0.055 1.038
101 0.973 0.065 0.809
179 0.973 0.062 0.669
53 1.016 0.044 1.171
129 0.973 0.063 1.037
101 0.940 0.077 0.808
179 0.949 0.074 0.669
53 0.988 0.044 1.170
129 0.946 0.064 1.036
101 0.923 0.082 0.808
179 0.942 0.079 0.668
53 0.964 0.041 1.170
129 0.928 0.062 1.036
101 0.919 0.081 0.807
179 0.943 0.079 0.667
53 0.956 0.046 1.169
129 0.917 0.061 1.035
101 0.913 0.077 0.806
179 0.940 0.076 0.666
53 0.985 0.050 1.169
129 0.937 0.064 1.034
101 0.913 0.076 0.805
179 0.935 0.073 0.665
53 1.020 0.050 1.171
129 0.974 0.062 1.035
101 0.935 0.072 0.803
179 0.945 0.069 0.664
53 1.051 0.050 1.172
129 1.005 0.061 1.036
101 0.963 0.069 0.804
179 0.965 0.064 0.664
53 1.079 0.049 1.173
129 1.033 0.060 1.038
101 0.985 0.067 0.805
179 0.979 0.063 0.665
53 1.106 0.048 1.174
129 1.057 0.059 1.039
101 1.001 0.068 0.806
179 0.988 0.066 0.666
53 1.131 0.048 1.176
129 1.080 0.060 1.041
101 1.018 0.070 0.808
179 0.998 0.069 0.667
53 1.133 0.057 1.176
129 1.089 0.063 1.042
101 1.036 0.069 0.809
179 1.016 0.069 0.668
53 1.113 0.069 1.175
129 1.074 0.075 1.040
101 1.036 0.076 0.809
179 1.022 0.072 0.668
53 1.083 0.079 1.173
129 1.045 0.089 1.039
101 1.013 0.089 0.808
179 1.007 0.083 0.667
53 1.049 0.088 1.171
129 1.008 0.101 1.037
101 0.978 0.104 0.807
179 0.979 0.095 0.667
53 1.015 0.094 1.170
129 0.972 0.111 1.035
101 0.945 0.115 0.806
179 0.955 0.104 0.666
53 0.986 0.096 1.169
129 0.945 0.113 1.035
101 0.926 0.117 0.805
179 0.945 0.106 0.665
53 0.962 0.092 1.169
129 0.927 0.108 1.035
101 0.920 0.112 0.804
179 0.944 0.102 0.664
53 0.955 0.095 1.168
129 0.916 0.103 1.034
101 0.914 0.103 0.803
179 0.941 0.096 0.663
53 0.982 0.097 1.169
129 0.935 0.104 1.033
101 0.913 0.099 0.802
179 0.935 0.090 0.663
53 1.017 0.095 1.170
129 0.971 0.101 1.034
101 0.934 0.095 0.801
179 0.944 0.084 0.662
53 1.048 0.094 1.171
129 1.002 0.099 1.035
101 0.960 0.093 0.802
179 0.963 0.080 0.662
53 1.076 0.092 1.172
129 1.030 0.098 1.037
101 0.983 0.093 0.803
179 0.977 0.082 0.663
53 1.103 0.092 1.174
129 1.055 0.098 1.038
101 1.000 0.097 0.804
179 0.987 0.087 0.664
53 1.128 0.092 1.175
129 1.078 0.099 1.040
101 1.018 0.102 0.806
179 0.998 0.094 0.665
53 1.132 0.102 1.175
129 1.088 0.103 1.040
101 1.037 0.103 0.807
179 1.016 0.097 0.666
53 1.112 0.113 1.174
129 1.076 0.115 1.039
101 1.039 0.111 0.806
179 1.025 0.103 0.665
53 1.083 0.123 1.172
129 1.047 0.128 1.037
101 1.020 0.123 0.805
179 1.013 0.113 0.665
53 1.049 0.133 1.170
129 1.011 0.141 1.035
101 0.987 0.137 0.804
179 0.988 0.124 0.664
53 1.014 0.140 1.169
129 0.974 0.151 1.034
101 0.952 0.146 0.803
179 0.963 0.130 0.663
53 0.983 0.142 1.168
129 0.944 0.153 1.033
101 0.930 0.146 0.803
179 0.950 0.128 0.663
53 0.959 0.138 1.168
129 0.924 0.148 1.032
101 0.921 0.138 0.802
179 0.945 0.122 0.662
53 0.952 0.140 1.167
129 0.914 0.140 1.031
101 0.914 0.126 0.801
179 0.941 0.113 0.661
53 0.980 0.141 1.167
129 0.934 0.140 1.031
101 0.914 0.119 0.800
179 0.936 0.105 0.661
53 1.016 0.138 1.169
129 0.971 0.136 1.032
101 0.936 0.116 0.799
179 0.946 0.098 0.661
53 1.046 0.135 1.170
129 1.002 0.134 1.034
101 0.962 0.115 0.800
179 0.964 0.097 0.661
53 1.075 0.134 1.171
129 1.030 0.133 1.035
101 0.984 0.118 0.801
179 0.978 0.101 0.661
53 1.102 0.133 1.172
129 1.055 0.134 1.036
101 1.002 0.125 0.802
179 0.988 0.109 0.662
53 1.128 0.135 1.174
129 1.079 0.137 1.038
101 1.020 0.132 0.804
179 1.001 0.119 0.663
53 1.133 0.145 1.174
129 1.091 0.142 1.039
101 1.040 0.136 0.805
179 1.020 0.125 0.664
53 1.114 0.155 1.173
129 1.081 0.153 1.037
101 1.045 0.143 0.804
179 1.031 0.131 0.663
53 1.086 0.164 1.171
129 1.054 0.165 1.035
101 1.030 0.154 0.803
179 1.023 0.140 0.662
53 1.052 0.173 1.169
129 1.019 0.176 1.033
101 0.999 0.166 0.801
179 1.000 0.150 0.661
53 1.016 0.181 1.167
129 0.981 0.186 1.031
101 0.965 0.173 0.800
179 0.975 0.154 0.660
53 0.983 0.185 1.166
129 0.947 0.190 1.030
101 0.938 0.172 0.799
179 0.957 0.151 0.660
53 0.956 0.182 1.165
129 0.924 0.184 1.029
101 0.924 0.163 0.798
179 0.948 0.143 0.659
53 0.950 0.182 1.165
129 0.914 0.175 1.029
101 0.914 0.148 0.798
179 0.941 0.131 0.659
53 0.979 0.182 1.166
129 0.935 0.174 1.029
101 0.916 0.141 0.798
179 0.938 0.121 0.659
53 1.015 0.178 1.167
129 0.972 0.170 1.030
101 0.939 0.139 0.798
179 0.949 0.116 0.659
53 1.047 0.174 1.169
129 1.005 0.167 1.032
101 0.967 0.140 0.798
179 0.968 0.116 0.659
53 1.076 0.173 1.170
129 1.033 0.167 1.033
101 0.989 0.144 0.799
179 0.983 0.123 0.660
53 1.102 0.174 1.171
129 1.058 0.169 1.034
101 1.007 0.153 0.800
179 0.994 0.133 0.661
53 1.128 0.176 1.173
129 1.081 0.174 1.036
101 1.024 0.162 0.802
179 1.006 0.144 0.662
53 1.134 0.186 1.174
129 1.094 0.179 1.037
101 1.044 0.167 0.802
179 1.024 0.151 0.662
53 1.117 0.195 1.172
129 1.086 0.189 1.036
101 1.052 0.174 0.802
179 1.037 0.157 0.661
53 1.090 0.203 1.170
129 1.062 0.198 1.034
101 1.040 0.182 0.800
179 1.033 0.165 0.659
53 1.057 0.210 1.168
129 1.029 0.207 1.031
101 1.013 0.190 0.799
179 1.013 0.172 0.658
53 1.021 0.217 1.166
129 0.991 0.215 1.029
101 0.980 0.196 0.797
179 0.990 0.174 0.657
53 0.986 0.222 1.164
129 0.955 0.219 1.027
101 0.951 0.194 0.796
179 0.969 0.170 0.657
53 0.956 0.220 1.163
129 0.926 0.215 1.026
101 0.930 0.185 0.796
179 0.954 0.162 0.656
53 0.949 0.222 1.163
129 0.914 0.208 1.026
101 0.917 0.171 0.796
179 0.944 0.149 0.657
53 0.979 0.223 1.164
129 0.936 0.208 1.027
101 0.919 0.164 0.796
179 0.940 0.139 0.658
53 1.016 0.218 1.166
129 0.976 0.204 1.028
101 0.945 0.164 0.796
179 0.954 0.136 0.658
53 1.050 0.214 1.168
129 1.011 0.201 1.030
101 0.975 0.167 0.797
179 0.975 0.139 0.658
53 1.079 0.212 1.169
129 1.040 0.201 1.031
101 0.999 0.172 0.798
179 0.992 0.147 0.658
53 1.106 0.213 1.170
129 1.064 0.204 1.033
101 1.017 0.181 0.799
179 1.004 0.159 0.659
53 1.130 0.217 1.172
129 1.086 0.211 1.034
101 1.033 0.192 0.800
179 1.016 0.170 0.660
53 1.138 0.227 1.173
129 1.100 0.216 1.035
101 1.051 0.197 0.800
179 1.032 0.177 0.660
53 1.122 0.235 1.171
129 1.094 0.224 1.034
101 1.061 0.203 0.799
179 1.046 0.182 0.659
53 1.097 0.240 1.169
129 1.073 0.230 1.032
101 1.052 0.208 0.798
179 1.044 0.188 0.657
53 1.066 0.245 1.167
129 1.043 0.236 1.029
101 1.030 0.214 0.796
179 1.029 0.193 0.656
53 1.031 0.250 1.165
129 1.007 0.242 1.027
101 1.000 0.217 0.795
179 1.007 0.194 0.655
53 0.995 0.255 1.163
129 0.970 0.246 1.025
101 0.970 0.215 0.794
179 0.985 0.189 0.654
53 0.962 0.255 1.161
129 0.937 0.243 1.024
101 0.944 0.207 0.793
179 0.967 0.181 0.654
53 0.951 0.261 1.161
129 0.920 0.239 1.024
101 0.925 0.194 0.793
179 0.951 0.169 0.655
53 0.978 0.264 1.163
129 0.939 0.242 1.025
101 0.924 0.189 0.794
179 0.945 0.160 0.657
53 1.018 0.259 1.165
129 0.979 0.240 1.027
101 0.950 0.192 0.795
179 0.959 0.160 0.657
53 1.053 0.254 1.167
129 1.017 0.236 1.028
101 0.983 0.195 0.795
179 0.983 0.164 0.657
53 1.085 0.251 1.168
129 1.050 0.235 1.030
101 1.011 0.201 0.796
179 1.005 0.173 0.657
53 1.113 0.252 1.170
129 1.075 0.239 1.031
101 1.032 0.210 0.797
179 1.020 0.185 0.658
53 1.136 0.256 1.171
129 1.097 0.245 1.032
101 1.048 0.220 0.798
179 1.032 0.196 0.658
53 1.145 0.266 1.172
129 1.110 0.251 1.033
101 1.064 0.225 0.798
179 1.046 0.202 0.658
53 1.131 0.273 1.171
129 1.106 0.258 1.032
101 1.073 0.230 0.797
179 1.059 0.206 0.657
53 1.107 0.276 1.169
129 1.088 0.262 1.030
101 1.067 0.234 0.796
179 1.059 0.210 0.656
53 1.078 0.280 1.167
129 1.061 0.265 1.028
101 1.049 0.237 0.794
179 1.047 0.213 0.654
53 1.045 0.283 1.165
129 1.029 0.269 1.026
101 1.023 0.239 0.793
179 1.027 0.213 0.653
53 1.011 0.286 1.163
129 0.994 0.271 1.024
101 0.995 0.236 0.791
179 1.006 0.209 0.652
53 0.976 0.287 1.161
129 0.960 0.269 1.023
101 0.968 0.229 0.791
179 0.986 0.201 0.652
53 0.960 0.296 1.161
129 0.936 0.268 1.023
101 0.943 0.218 0.792
179 0.968 0.190 0.653
53 0.957 0.300 1.131
129 0.930 0.271 0.997
101 0.932 0.214 0.772
179 0.956 0.182 0.637
53 0.975 0.302 1.132
129 0.937 0.274 0.997
101 0.924 0.214 0.773
179 0.946 0.180 0.638
53 1.007 0.303 1.134
129 0.966 0.278 0.999
101 0.936 0.220 0.773
179 0.948 0.182 0.639
53 1.039 0.301 1.136
129 0.998 0.280 1.001
101 0.960 0.227 0.774
179 0.965 0.189 0.640
53 1.069 0.301 1.137
129 1.027 0.281 1.002
101 0.984 0.234 0.775
179 0.982 0.198 0.640
53 1.096 0.303 1.139
129 1.052 0.286 1.004
101 1.002 0.244 0.776
179 0.994 0.208 0.641
53 1.119 0.306 1.140
129 1.073 0.292 1.005
101 1.017 0.253 0.777
179 1.004 0.218 0.641
53 1.124 0.298 1.139
129 1.082 0.291 1.004
101 1.030 0.260 0.776
179 1.016 0.227 0.640
53 1.108 0.291 1.137
129 1.073 0.283 1.002
101 1.032 0.257 0.774
179 1.021 0.227 0.638
53 1.079 0.292 1.135
129 1.047 0.282 1.000
101 1.015 0.254 0.772
179 1.011 0.224 0.636
53 1.044 0.297 1.133
129 1.010 0.287 0.998
101 0.984 0.252 0.770
179 0.988 0.219 0.635
53 1.005 0.303 1.131
129 0.969 0.291 0.996
101 0.949 0.247 0.770
179 0.961 0.211 0.634
53 0.969 0.304 1.129
129 0.932 0.288 0.995
101 0.920 0.236 0.769
179 0.940 0.200 0.634
53 0.940 0.297 1.129
129 0.905 0.277 0.994
101 0.902 0.223 0.769
179 0.928 0.189 0.634
53 0.937 0.281 1.128
129 0.897 0.263 0.994
101 0.892 0.212 0.769
179 0.920 0.180 0.635
53 0.969 0.268 1.130
129 0.922 0.251 0.995
101 0.896 0.201 0.770
179 0.918 0.170 0.636
53 1.006 0.262 1.132
129 0.962 0.246 0.997
101 0.922 0.199 0.770
179 0.932 0.165 0.635
53 1.036 0.261 1.134
129 0.992 0.246 0.998
101 0.946 0.203 0.770
179 0.947 0.168 0.636
53 1.062 0.265 1.135
129 1.015 0.252 1.000
101 0.961 0.215 0.771
179 0.955 0.180 0.636
53 1.086 0.270 1.136
129 1.036 0.260 1.001
101 0.975 0.228 0.772
179 0.964 0.194 0.637
53 1.113 0.273 1.138
129 1.062 0.267 1.003
101 0.997 0.240 0.774
179 0.980 0.207 0.638
53 1.122 0.265 1.138
129 1.077 0.267 1.003
101 1.020 0.248 0.773
179 1.001 0.218 0.637
53 1.108 0.260 1.136
129 1.071 0.261 1.001
101 1.026 0.248 0.771
179 1.011 0.222 0.635
53 1.080 0.263 1.133
129 1.046 0.264 0.998
101 1.010 0.249 0.769
179 1.002 0.223 0.632
53 1.045 0.272 1.131
129 1.010 0.273 0.995
101 0.979 0.252 0.767
179 0.979 0.222 0.631
53 1.007 0.280 1.129
129 0.969 0.281 0.993
101 0.944 0.249 0.766
179 0.953 0.215 0.630
53 0.973 0.282 1.127
129 0.934 0.279 0.992
101 0.916 0.239 0.766
179 0.934 0.205 0.630
53 0.944 0.275 1.127
129 0.908 0.268 0.992
101 0.900 0.226 0.765
179 0.923 0.193 0.630
53 0.940 0.256 1.127
129 0.898 0.253 0.992
101 0.888 0.214 0.766
179 0.914 0.184 0.631
53 0.969 0.239 1.128
129 0.920 0.234 0.993
101 0.890 0.199 0.766
179 0.911 0.172 0.631
53 1.004 0.230 1.130
129 0.957 0.224 0.995
101 0.913 0.190 0.766
179 0.923 0.162 0.631
53 1.034 0.229 1.132
129 0.987 0.223 0.997
101 0.936 0.193 0.767
179 0.936 0.162 0.632
53 1.060 0.232 1.133
129 1.010 0.228 0.998
101 0.952 0.203 0.768
179 0.944 0.173 0.633
53 1.086 0.237 1.135
129 1.034 0.236 1.000
101 0.969 0.216 0.770
179 0.954 0.187 0.634
53 1.114 0.240 1.137
129 1.062 0.242 1.002
101 0.994 0.228 0.771
179 0.973 0.200 0.635
53 1.125 0.234 1.137
129 1.078 0.244 1.002
101 1.018 0.237 0.771
179 0.996 0.213 0.634
53 1.111 0.231 1.135
129 1.074 0.241 1.000
101 1.026 0.240 0.770
179 1.007 0.220 0.632
53 1.083 0.236 1.132
129 1.049 0.248 0.997
101 1.010 0.245 0.767
179 0.999 0.224 0.630
53 1.050 0.247 1.130
129 1.014 0.259 0.995
101 0.980 0.251 0.766
179 0.977 0.225 0.629
53 1.014 0.255 1.128
129 0.976 0.267 0.993
101 0.947 0.251 0.765
179 0.953 0.220 0.628
53 0.983 0.255 1.127
129 0.944 0.266 0.992
101 0.922 0.242 0.764
179 0.936 0.211 0.628
53 0.954 0.249 1.127
129 0.919 0.256 0.992
101 0.906 0.230 0.764
179 0.927 0.200 0.627
53 0.949 0.229 1.127
129 0.907 0.241 0.992
101 0.893 0.219 0.764
179 0.917 0.192 0.628
53 0.972 0.208 1.128
129 0.924 0.217 0.993
101 0.893 0.202 0.764
179 0.912 0.181 0.629
53 1.004 0.198 1.130
129 0.956 0.203 0.995
101 0.912 0.189 0.765
179 0.922 0.167 0.629
53 1.033 0.196 1.132
129 0.985 0.200 0.996
101 0.933 0.186 0.766
179 0.933 0.164 0.629
53 1.060 0.199 1.133
129 1.009 0.205 0.998
101 0.950 0.194 0.767
179 0.940 0.171 0.630
53 1.086 0.204 1.135
129 1.033 0.212 1.000
101 0.967 0.206 0.769
179 0.951 0.183 0.631
53 1.115 0.207 1.137
129 1.062 0.218 1.002
101 0.993 0.216 0.770
179 0.970 0.196 0.633
53 1.127 0.201 1.137
129 1.080 0.220 1.003
101 1.019 0.226 0.771
179 0.995 0.208 0.632
53 1.113 0.200 1.136
129 1.076 0.219 1.001
101 1.029 0.230 0.770
179 1.008 0.216 0.631
53 1.086 0.207 1.133
129 1.052 0.228 0.999
101 1.014 0.239 0.768
179 1.001 0.223 0.629
53 1.053 0.217 1.131
129 1.018 0.241 0.997
101 0.984 0.248 0.767
179 0.979 0.228 0.629
53 1.021 0.224 1.130
129 0.984 0.248 0.995
101 0.954 0.250 0.766
179 0.958 0.225 0.628
53 0.991 0.222 1.130
129 0.955 0.245 0.995
101 0.932 0.242 0.766
179 0.944 0.216 0.628
53 0.963 0.216 1.130
129 0.930 0.236 0.995
101 0.917 0.230 0.765
179 0.935 0.206 0.627
53 0.956 0.194 1.130
129 0.918 0.220 0.995
101 0.902 0.222 0.766
179 0.924 0.201 0.628
53 0.976 0.172 1.130
129 0.931 0.193 0.995
101 0.901 0.204 0.765
179 0.919 0.190 0.628
53 1.005 0.162 1.131
129 0.959 0.177 0.996
101 0.917 0.186 0.766
179 0.927 0.175 0.628
53 1.034 0.160 1.133
129 0.987 0.173 0.998
101 0.937 0.179 0.766
179 0.936 0.168 0.629
53 1.061 0.163 1.134
129 1.011 0.178 1.000
101 0.952 0.184 0.768
179 0.943 0.172 0.630
53 1.087 0.168 1.136
129 1.035 0.184 1.001
101 0.970 0.194 0.769
179 0.953 0.182 0.631
53 1.116 0.171 1.138
129 1.064 0.189 1.004
101 0.995 0.203 0.772
179 0.972 0.192 0.632
53 1.129 0.165 1.139
129 1.083 0.191 1.004
101 1.022 0.211 0.773
179 0.997 0.202 0.633
53 1.115 0.165 1.137
129 1.079 0.192 1.003
101 1.033 0.216 0.772
179 1.012 0.210 0.632
53 1.087 0.172 1.135
129 1.054 0.202 1.001
101 1.018 0.227 0.771
179 1.005 0.220 0.631
53 1.056 0.181 1.134
129 1.022 0.215 1.000
101 0.989 0.240 0.770
179 0.984 0.228 0.630
53 1.025 0.186 1.133
129 0.991 0.220 0.999
101 0.962 0.243 0.770
179 0.965 0.227 0.630
53 0.996 0.182 1.133
129 0.964 0.215 0.999
101 0.943 0.235 0.769
179 0.954 0.219 0.630
53 0.967 0.177 1.133
129 0.938 0.207 0.999
101 0.928 0.225 0.769
179 0.944 0.209 0.629
53 0.960 0.155 1.133
129 0.925 0.191 0.999
101 0.912 0.218 0.769
179 0.933 0.206 0.630
53 0.978 0.133 1.133
129 0.936 0.163 0.999
101 0.911 0.198 0.769
179 0.928 0.194 0.630
53 1.007 0.123 1.133
129 0.962 0.147 0.999
101 0.925 0.176 0.769
179 0.935 0.176 0.630
53 1.035 0.121 1.134
129 0.989 0.142 1.000
101 0.942 0.166 0.769
179 0.943 0.167 0.631
53 1.062 0.124 1.135
129 1.013 0.145 1.002
101 0.956 0.168 0.770
179 0.948 0.168 0.631
53 1.088 0.128 1.137
129 1.037 0.151 1.003
101 0.974 0.175 0.772
179 0.958 0.175 0.633
53 1.117 0.131 1.139
129 1.066 0.155 1.006
101 0.999 0.181 0.774
179 0.977 0.182 0.634
53 1.132 0.125 1.140
129 1.087 0.157 1.007
101 1.026 0.189 0.776
179 1.001 0.190 0.635
53 1.117 0.126 1.139
129 1.082 0.160 1.006
101 1.038 0.194 0.775
179 1.016 0.197 0.634
53 1.090 0.134 1.138
129 1.057 0.172 1.005
101 1.022 0.209 0.775
179 1.009 0.210 0.634
53 1.059 0.142 1.136
129 1.026 0.183 1.004
101 0.995 0.224 0.774
179 0.989 0.222 0.634
53 1.028 0.144 1.136
129 0.996 0.186 1.003
101 0.970 0.227 0.774
179 0.973 0.223 0.634
53 0.999 0.139 1.136
129 0.970 0.179 1.003
101 0.953 0.219 0.774
179 0.963 0.214 0.634
53 0.971 0.134 1.136
129 0.944 0.173 1.003
101 0.937 0.209 0.774
179 0.953 0.205 0.634
53 0.963 0.112 1.136
129 0.931 0.156 1.003
101 0.921 0.204 0.775
179 0.940 0.202 0.634
53 0.981 0.091 1.135
129 0.941 0.129 1.003
101 0.919 0.180 0.774
179 0.936 0.188 0.634
53 1.009 0.082 1.135
129 0.966 0.113 1.003
101 0.933 0.156 0.774
179 0.942 0.166 0.634
53 1.038 0.081 1.136
129 0.992 0.108 1.003
101 0.948 0.144 0.773
179 0.948 0.155 0.634
53 1.064 0.084 1.137
129 1.015 0.111 1.004
101 0.961 0.144 0.774
179 0.952 0.155 0.635
53 1.090 0.087 1.139
129 1.040 0.115 1.006
101 0.978 0.149 0.776
179 0.962 0.159 0.636
53 1.119 0.088 1.141
129 1.068 0.118 1.008
101 1.003 0.153 0.778
179 0.981 0.164 0.638
53 1.134 0.082 1.142
129 1.090 0.119 1.009
101 1.030 0.160 0.779
179 1.004 0.169 0.638
53 1.119 0.084 1.141
129 1.085 0.123 1.009
101 1.041 0.165 0.779
179 1.020 0.175 0.638
53 1.092 0.092 1.140
129 1.060 0.135 1.008
101 1.025 0.182 0.779
179 1.012 0.191 0.638
53 1.061 0.098 1.139
129 1.029 0.145 1.007
101 0.998 0.198 0.779
179 0.991 0.206 0.639
53 1.030 0.099 1.138
129 0.999 0.146 1.007
101 0.974 0.201 0.779
179 0.976 0.208 0.639
53 1.001 0.093 1.138
129 0.973 0.139 1.007
101 0.957 0.192 0.779
179 0.968 0.199 0.639
53 0.972 0.089 1.139
129 0.947 0.133 1.007
101 0.941 0.184 0.780
179 0.957 0.191 0.639
53 0.965 0.067 1.138
129 0.935 0.117 1.007
101 0.925 0.180 0.780
179 0.944 0.188 0.639
53 0.983 0.048 1.137
129 0.945 0.091 1.006
101 0.924 0.152 0.779
179 0.940 0.170 0.639
53 1.011 0.040 1.137
129 0.970 0.076 1.005
101 0.938 0.128 0.778
179 0.946 0.146 0.639
53 1.040 0.039 1.138
129 0.996 0.071 1.005
101 0.952 0.117 0.777
179 0.951 0.134 0.638
53 1.066 0.041 1.139
129 1.019 0.074 1.006
101 0.965 0.117 0.778
179 0.956 0.134 0.639
53 1.092 0.044 1.140
129 1.043 0.077 1.008
101 0.982 0.120 0.779
179 0.967 0.138 0.640
53 1.121 0.045 1.142
129 1.071 0.079 1.010
101 1.007 0.122 0.781
179 0.985 0.140 0.641
53 1.136 0.037 1.144
129 1.093 0.079 1.011
101 1.033 0.127 0.782
179 1.008 0.144 0.642
53 1.121 0.040 1.143
129 1.088 0.082 1.011
101 1.045 0.130 0.783
179 1.024 0.147 0.642
53 1.094 0.047 1.142
129 1.064 0.094 1.010
101 1.028 0.148 0.783
179 1.014 0.163 0.643
53 1.063 0.052 1.141
129 1.033 0.102 1.010
101 1.000 0.164 0.783
179 0.992 0.180 0.643
53 1.031 0.052 1.140
129 1.001 0.102 1.009
101 0.975 0.167 0.783
179 0.977 0.184 0.644
53 1.002 0.046 1.140
129 0.974 0.095 1.010
101 0.958 0.159 0.784
179 0.968 0.176 0.644
53 0.973 0.043 1.140
129 0.948 0.091 1.010
101 0.942 0.152 0.784
179 0.958 0.168 0.644
53 0.967 0.020 1.140
129 0.937 0.074 1.009
101 0.926 0.147 0.784
179 0.944 0.165 0.644
53 0.985 0.003 1.139
129 0.948 0.049 1.008
101 0.927 0.118 0.783
179 0.941 0.143 0.644
53 1.013 -0.004 1.139
129 0.973 0.036 1.008
101 0.941 0.095 0.782
179 0.947 0.119 0.643
53 1.041 -0.005 1.139
129 0.999 0.032 1.008
101 0.956 0.085 0.781
179 0.954 0.108 0.642
53 1.068 -0.003 1.140
129 1.022 0.034 1.008
101 0.969 0.086 0.781
179 0.959 0.108 0.643
53 1.094 -0.000 1.141
129 1.047 0.037 1.010
101 0.987 0.089 0.782
179 0.971 0.112 0.644
53 1.122 0.001 1.143
129 1.074 0.039 1.012
101 1.011 0.090 0.784
179 0.990 0.113 0.645
53 1.138 -0.007 1.145
129 1.097 0.038 1.013
101 1.037 0.093 0.786
179 1.012 0.115 0.646
53 1.124 -0.005 1.144
129 1.092 0.041 1.013
101 1.049 0.094 0.786
179 1.027 0.115 0.646
53 1.097 0.001 1.143
129 1.068 0.050 1.012
101 1.032 0.110 0.786
179 1.017 0.130 0.647
53 1.065 0.004 1.143
129 1.036 0.057 1.012
101 1.003 0.125 0.786
179 0.994 0.148 0.647
53 1.032 0.004 1.142
129 1.003 0.057 1.012
101 0.976 0.128 0.787
179 0.976 0.154 0.648
53 1.001 -0.001 1.142
129 0.974 0.051 1.012
101 0.957 0.122 0.787
179 0.966 0.147 0.649
53 0.973 -0.005 1.142
129 0.949 0.047 1.012
101 0.941 0.116 0.788
179 0.956 0.139 0.648
53 0.968 -0.028 1.141
129 0.939 0.029 1.011
101 0.926 0.110 0.788
179 0.943 0.136 0.649
53 0.986 -0.043 1.140
129 0.950 0.005 1.010
101 0.928 0.080 0.787
179 0.941 0.112 0.648
53 1.014 -0.050 1.140
129 0.975 -0.006 1.010
101 0.943 0.059 0.785
179 0.948 0.088 0.647
53 1.043 -0.050 1.140
129 1.001 -0.009 1.010
101 0.958 0.051 0.785
179 0.956 0.078 0.646
53 1.069 -0.048 1.141
129 1.025 -0.007 1.010
101 0.973 0.052 0.785
179 0.963 0.079 0.646
53 1.096 -0.045 1.143
129 1.050 -0.004 1.012
101 0.991 0.055 0.786
179 0.975 0.083 0.647
53 1.124 -0.043 1.145
129 1.077 -0.002 1.014
101 1.015 0.056 0.787
179 0.994 0.084 0.649
53 1.140 -0.053 1.147
129 1.100 -0.004 1.015
101 1.041 0.057 0.789
179 1.015 0.083 0.650
53 1.126 -0.051 1.146
129 1.096 -0.002 1.015
101 1.053 0.057 0.789
179 1.031 0.081 0.650
53 1.100 -0.047 1.145
129 1.073 0.006 1.015
101 1.036 0.070 0.789
179 1.020 0.094 0.650
53 1.068 -0.044 1.144
129 1.040 0.011 1.014
101 1.007 0.084 0.789
179 0.995 0.112 0.651
53 1.033 -0.045 1.143
129 1.005 0.011 1.013
101 0.977 0.087 0.790
179 0.975 0.119 0.652
53 1.001 -0.049 1.143
129 0.974 0.006 1.013
101 0.955 0.083 0.790
179 0.963 0.114 0.652
53 0.973 -0.052 1.143
129 0.949 0.002 1.013
101 0.939 0.077 0.790
179 0.953 0.106 0.652
53 0.968 -0.076 1.142
129 0.940 -0.017 1.013
101 0.926 0.069 0.790
179 0.941 0.102 0.652
53 0.986 -0.091 1.141
129 0.951 -0.040 1.012
101 0.929 0.040 0.790
179 0.940 0.076 0.652
53 1.014 -0.096 1.141
129 0.976 -0.050 1.011
101 0.944 0.021 0.788
179 0.948 0.054 0.651
53 1.043 -0.096 1.142
129 1.003 -0.052 1.011
101 0.961 0.014 0.788
179 0.958 0.045 0.650
53 1.070 -0.093 1.143
129 1.027 -0.049 1.012
101 0.977 0.015 0.788
179 0.966 0.046 0.650
53 1.097 -0.091 1.144
129 1.052 -0.046 1.014
101 0.995 0.018 0.789
179 0.979 0.051 0.651
53 1.125 -0.089 1.146
129 1.079 -0.044 1.015
101 1.019 0.020 0.790
179 0.997 0.051 0.652
53 1.142 -0.099 1.148
129 1.103 -0.048 1.017
101 1.044 0.020 0.792
179 1.018 0.049 0.653
53 1.128 -0.098 1.147
129 1.099 -0.047 1.017
101 1.057 0.017 0.792
179 1.034 0.044 0.653
53 1.102 -0.095 1.147
129 1.076 -0.040 1.017
101 1.040 0.029 0.792
179 1.024 0.056 0.654
53 1.070 -0.093 1.145
129 1.044 -0.036 1.016
101 1.010 0.040 0.792
179 0.998 0.072 0.654
53 1.034 -0.094 1.144
129 1.007 -0.036 1.015
101 0.978 0.045 0.792
179 0.974 0.080 0.655
53 1.000 -0.098 1.143
129 0.974 -0.040 1.015
101 0.954 0.042 0.793
179 0.960 0.078 0.656
53 0.972 -0.100 1.143
129 0.949 -0.043 1.014
101 0.937 0.037 0.793
179 0.949 0.071 0.656
53 0.968 -0.125 1.143
129 0.941 -0.064 1.014
101 0.925 0.027 0.793
179 0.939 0.065 0.656
53 0.968 -0.133 1.114
129 0.942 -0.078 0.988
101 0.927 0.003 0.772
179 0.938 0.041 0.638
53 0.980 -0.138 1.112
129 0.944 -0.083 0.987
101 0.919 0.002 0.771
179 0.930 0.039 0.638
53 1.005 -0.138 1.113
129 0.963 -0.087 0.987
101 0.923 -0.004 0.771
179 0.927 0.038 0.637
53 1.034 -0.137 1.114
129 0.991 -0.087 0.988
101 0.943 -0.008 0.771
179 0.940 0.033 0.637
53 1.065 -0.136 1.116
129 1.021 -0.087 0.989
101 0.967 -0.011 0.771
179 0.957 0.029 0.637
53 1.092 -0.134 1.117
129 1.046 -0.085 0.991
101 0.987 -0.011 0.772
179 0.969 0.028 0.638
53 1.117 -0.132 1.119
129 1.069 -0.084 0.992
101 1.003 -0.011 0.774
179 0.979 0.027 0.639
53 1.116 -0.110 1.118
129 1.070 -0.067 0.992
101 1.011 -0.007 0.773
179 0.989 0.025 0.639
53 1.101 -0.095 1.117
129 1.058 -0.046 0.990
101 0.997 0.018 0.772
179 0.975 0.047 0.638
53 1.071 -0.091 1.116
129 1.030 -0.036 0.990
101 0.975 0.038 0.772
179 0.957 0.072 0.638
53 1.037 -0.094 1.115
129 0.998 -0.037 0.990
101 0.955 0.045 0.773
179 0.948 0.084 0.639
53 1.008 -0.097 1.114
129 0.972 -0.041 0.989
101 0.939 0.044 0.773
179 0.941 0.084 0.639
53 0.981 -0.097 1.114
129 0.947 -0.040 0.989
101 0.920 0.045 0.773
179 0.929 0.082 0.639
53 0.953 -0.096 1.113
129 0.920 -0.038 0.988
101 0.900 0.048 0.773
179 0.916 0.083 0.639
53 0.934 -0.086 1.112
129 0.896 -0.031 0.987
101 0.881 0.052 0.773
179 0.904 0.085 0.639
53 0.963 -0.089 1.112
129 0.917 -0.036 0.987
101 0.883 0.052 0.772
179 0.900 0.087 0.638
53 1.001 -0.089 1.113
129 0.957 -0.040 0.987
101 0.914 0.038 0.771
179 0.920 0.074 0.637
53 1.032 -0.088 1.114
129 0.986 -0.039 0.988
101 0.940 0.037 0.771
179 0.939 0.071 0.636
53 1.057 -0.085 1.116
129 1.009 -0.036 0.989
101 0.954 0.041 0.772
179 0.945 0.077 0.637
53 1.082 -0.084 1.117
129 1.031 -0.035 0.991
101 0.969 0.041 0.773
179 0.954 0.078 0.638
53 1.109 -0.084 1.119
129 1.058 -0.037 0.993
101 0.991 0.035 0.774
179 0.970 0.071 0.639
53 1.110 -0.064 1.118
129 1.062 -0.022 0.993
101 1.003 0.036 0.774
179 0.983 0.064 0.639
53 1.092 -0.047 1.117
129 1.045 0.002 0.991
101 0.985 0.064 0.773
179 0.967 0.087 0.638
53 1.061 -0.042 1.116
129 1.016 0.013 0.991
101 0.961 0.088 0.773
179 0.947 0.116 0.638
53 1.029 -0.045 1.116
129 0.987 0.011 0.991
101 0.945 0.092 0.774
179 0.943 0.125 0.639
53 1.002 -0.049 1.115
129 0.963 0.007 0.990
101 0.933 0.089 0.774
179 0.940 0.122 0.639
53 0.974 -0.047 1.114
129 0.938 0.009 0.990
101 0.915 0.091 0.774
179 0.928 0.121 0.638
53 0.945 -0.046 1.114
129 0.910 0.012 0.990
101 0.895 0.096 0.774
179 0.914 0.123 0.638
53 0.929 -0.036 1.113
129 0.889 0.018 0.989
101 0.878 0.098 0.774
179 0.904 0.122 0.637
53 0.959 -0.039 1.113
129 0.912 0.012 0.988
101 0.882 0.096 0.772
179 0.902 0.122 0.636
53 0.997 -0.040 1.114
129 0.951 0.008 0.988
101 0.912 0.083 0.771
179 0.921 0.110 0.635
53 1.026 -0.038 1.115
129 0.979 0.010 0.989
101 0.935 0.083 0.771
179 0.938 0.109 0.634
53 1.052 -0.035 1.116
129 1.003 0.013 0.990
101 0.949 0.087 0.771
179 0.943 0.117 0.635
53 1.079 -0.034 1.117
129 1.028 0.015 0.992
101 0.967 0.087 0.772
179 0.954 0.117 0.635
53 1.108 -0.034 1.119
129 1.056 0.013 0.994
101 0.991 0.081 0.774
179 0.971 0.111 0.637
53 1.107 -0.013 1.119
129 1.059 0.029 0.993
101 1.002 0.084 0.774
179 0.984 0.106 0.636
53 1.088 0.006 1.118
129 1.041 0.056 0.992
101 0.984 0.115 0.773
179 0.968 0.131 0.636
53 1.058 0.011 1.117
129 1.014 0.067 0.992
101 0.962 0.139 0.773
179 0.951 0.158 0.636
53 1.029 0.008 1.116
129 0.988 0.064 0.992
101 0.949 0.140 0.773
179 0.949 0.163 0.636
53 1.001 0.004 1.116
129 0.963 0.060 0.991
101 0.936 0.137 0.774
179 0.946 0.160 0.636
53 0.971 0.005 1.115
129 0.935 0.062 0.991
101 0.917 0.139 0.773
179 0.933 0.159 0.636
53 0.942 0.007 1.115
129 0.907 0.064 0.991
101 0.897 0.142 0.773
179 0.919 0.160 0.635
53 0.927 0.016 1.114
129 0.887 0.069 0.990
101 0.882 0.141 0.773
179 0.910 0.156 0.634
53 0.958 0.012 1.114
129 0.911 0.063 0.989
101 0.886 0.139 0.771
179 0.907 0.155 0.633
53 0.995 0.012 1.114
129 0.949 0.059 0.989
101 0.913 0.127 0.769
179 0.925 0.144 0.631
53 1.024 0.014 1.115
129 0.977 0.061 0.989
101 0.935 0.128 0.769
179 0.940 0.145 0.631
53 1.051 0.017 1.116
129 1.002 0.065 0.990
101 0.951 0.133 0.769
179 0.946 0.153 0.631
53 1.079 0.019 1.118
129 1.029 0.067 0.992
101 0.970 0.133 0.770
179 0.958 0.155 0.632
53 1.108 0.018 1.120
129 1.057 0.065 0.994
101 0.995 0.129 0.772
179 0.976 0.150 0.633
53 1.107 0.041 1.119
129 1.059 0.083 0.994
101 1.006 0.133 0.772
179 0.989 0.147 0.633
53 1.088 0.061 1.119
129 1.042 0.111 0.993
101 0.989 0.165 0.771
179 0.976 0.172 0.633
53 1.061 0.066 1.118
129 1.018 0.122 0.992
101 0.970 0.188 0.771
179 0.960 0.197 0.632
53 1.032 0.063 1.117
129 0.993 0.119 0.992
101 0.958 0.188 0.771
179 0.959 0.199 0.632
53 1.003 0.059 1.116
129 0.966 0.114 0.992
101 0.944 0.183 0.771
179 0.955 0.195 0.632
53 0.972 0.059 1.116
129 0.936 0.115 0.991
101 0.923 0.184 0.771
179 0.941 0.194 0.632
53 0.942 0.060 1.116
129 0.909 0.117 0.991
101 0.903 0.186 0.771
179 0.927 0.193 0.631
53 0.928 0.069 1.114
129 0.889 0.121 0.990
101 0.889 0.183 0.770
179 0.918 0.188 0.630
53 0.959 0.065 1.114
129 0.913 0.114 0.989
101 0.892 0.180 0.768
179 0.914 0.186 0.629
53 0.995 0.064 1.114
129 0.949 0.110 0.988
101 0.917 0.169 0.766
179 0.929 0.176 0.627
53 1.024 0.067 1.115
129 0.977 0.113 0.989
101 0.938 0.170 0.766
179 0.944 0.177 0.627
53 1.052 0.070 1.116
129 1.004 0.117 0.990
101 0.955 0.176 0.766
179 0.951 0.186 0.627
53 1.081 0.072 1.118
129 1.031 0.119 0.992
101 0.975 0.178 0.767
179 0.964 0.190 0.628
53 1.110 0.071 1.120
129 1.060 0.118 0.993
101 1.000 0.174 0.769
179 0.982 0.187 0.629
53 1.109 0.095 1.119
129 1.062 0.136 0.993
101 1.013 0.178 0.769
179 0.996 0.185 0.629
53 1.090 0.116 1.119
129 1.046 0.166 0.992
101 0.997 0.211 0.768
179 0.985 0.208 0.628
53 1.064 0.121 1.118
129 1.024 0.177 0.992
101 0.979 0.233 0.767
179 0.971 0.231 0.628
53 1.035 0.117 1.117
129 0.998 0.172 0.991
101 0.967 0.231 0.768
179 0.969 0.231 0.628
53 1.005 0.113 1.116
129 0.971 0.167 0.991
101 0.953 0.224 0.768
179 0.964 0.225 0.627
53 0.974 0.113 1.116
129 0.940 0.168 0.990
101 0.931 0.224 0.767
179 0.950 0.223 0.627
53 0.944 0.114 1.116
129 0.912 0.169 0.990
101 0.911 0.225 0.767
179 0.935 0.222 0.626
53 0.929 0.123 1.114
129 0.892 0.172 0.989
101 0.896 0.221 0.766
179 0.926 0.216 0.626
53 0.960 0.118 1.114
129 0.915 0.165 0.987
101 0.898 0.217 0.764
179 0.921 0.214 0.624
53 0.995 0.117 1.114
129 0.951 0.161 0.987
101 0.922 0.206 0.762
179 0.935 0.204 0.622
53 1.025 0.120 1.115
129 0.979 0.164 0.988
101 0.942 0.207 0.761
179 0.948 0.205 0.622
53 1.054 0.123 1.116
129 1.006 0.168 0.989
101 0.959 0.215 0.761
179 0.955 0.215 0.622
53 1.082 0.125 1.118
129 1.034 0.170 0.990
101 0.980 0.218 0.762
179 0.969 0.220 0.623
53 1.111 0.124 1.120
129 1.063 0.168 0.992
101 1.005 0.216 0.764
179 0.987 0.220 0.624
53 1.110 0.147 1.119
129 1.066 0.186 0.992
101 1.020 0.219 0.765
179 1.004 0.218 0.624
53 1.093 0.169 1.118
129 1.050 0.217 0.991
101 1.006 0.249 0.764
179 0.995 0.239 0.623
53 1.067 0.174 1.118
129 1.028 0.227 0.990
101 0.988 0.271 0.763
179 0.982 0.260 0.623
53 1.038 0.170 1.117
129 1.002 0.223 0.989
101 0.975 0.268 0.763
179 0.979 0.258 0.622
53 1.007 0.166 1.116
129 0.974 0.217 0.989
101 0.960 0.260 0.763
179 0.973 0.251 0.622
53 0.976 0.166 1.115
129 0.944 0.217 0.988
101 0.939 0.258 0.762
179 0.958 0.248 0.621
53 0.946 0.167 1.115
129 0.915 0.218 0.988
101 0.918 0.258 0.762
179 0.943 0.246 0.621
53 0.931 0.175 1.113
129 0.895 0.220 0.986
101 0.903 0.253 0.760
179 0.932 0.241 0.620
53 0.961 0.170 1.113
129 0.917 0.213 0.985
101 0.903 0.249 0.758
179 0.926 0.238 0.619
53 0.996 0.169 1.113
129 0.952 0.208 0.985
101 0.926 0.238 0.756
179 0.940 0.228 0.617
53 1.026 0.172 1.114
129 0.981 0.212 0.985
101 0.946 0.239 0.756
179 0.953 0.228 0.617
53 1.055 0.174 1.115
129 1.008 0.216 0.986
101 0.962 0.248 0.756
179 0.960 0.239 0.617
53 1.083 0.175 1.117
129 1.036 0.218 0.988
101 0.983 0.253 0.757
179 0.973 0.246 0.618
53 1.112 0.174 1.119
129 1.065 0.215 0.990
101 1.009 0.252 0.759
179 0.992 0.247 0.618
53 1.112 0.196 1.118
129 1.069 0.231 0.990
101 1.026 0.254 0.759
179 1.010 0.247 0.618
53 1.094 0.219 1.117
129 1.053 0.262 0.988
101 1.015 0.281 0.758
179 1.005 0.265 0.618
53 1.069 0.225 1.116
129 1.031 0.274 0.987
101 0.995 0.302 0.757
179 0.991 0.284 0.617
53 1.039 0.221 1.115
129 1.005 0.270 0.986
101 0.981 0.300 0.757
179 0.987 0.282 0.617
53 1.009 0.216 1.114
129 0.977 0.262 0.985
101 0.967 0.290 0.757
179 0.980 0.273 0.616
53 0.977 0.216 1.113
129 0.947 0.261 0.985
101 0.946 0.285 0.756
179 0.965 0.268 0.615
53 0.947 0.217 1.113
129 0.918 0.263 0.984
101 0.925 0.285 0.755
179 0.949 0.266 0.615
53 0.932 0.226 1.111
129 0.898 0.264 0.982
101 0.908 0.280 0.754
179 0.937 0.261 0.614
53 0.961 0.220 1.111
129 0.918 0.258 0.981
101 0.907 0.276 0.752
179 0.931 0.258 0.613
53 0.996 0.218 1.111
129 0.953 0.252 0.981
101 0.929 0.266 0.750
179 0.943 0.249 0.612
53 1.026 0.220 1.112
129 0.982 0.254 0.982
101 0.949 0.266 0.750
179 0.956 0.248 0.612
53 1.054 0.223 1.114
129 1.009 0.259 0.983
101 0.965 0.276 0.750
179 0.963 0.260 0.612
53 1.082 0.223 1.115
129 1.036 0.261 0.984
101 0.985 0.284 0.751
179 0.976 0.268 0.613
53 1.112 0.221 1.117
129 1.065 0.258 0.986
101 1.011 0.284 0.753
179 0.995 0.271 0.613
53 1.112 0.241 1.117
129 1.072 0.271 0.986
101 1.030 0.284 0.754
179 1.015 0.270 0.613
53 1.094 0.264 1.115
129 1.056 0.300 0.984
101 1.022 0.307 0.753
179 1.013 0.285 0.612
53 1.068 0.272 1.114
129 1.032 0.315 0.983
101 1.002 0.328 0.752
179 1.000 0.303 0.612
53 1.038 0.270 1.113
129 1.005 0.313 0.982
101 0.986 0.328 0.751
179 0.993 0.303 0.611
53 1.008 0.264 1.112
129 0.979 0.304 0.981
101 0.971 0.316 0.750
179 0.985 0.293 0.610
53 0.978 0.262 1.111
129 0.950 0.300 0.980
101 0.952 0.308 0.749
179 0.971 0.286 0.609
53 0.947 0.264 1.110
129 0.921 0.301 0.979
101 0.930 0.306 0.748
179 0.955 0.283 0.609
53 0.931 0.272 1.108
129 0.900 0.303 0.977
101 0.912 0.302 0.747
179 0.941 0.279 0.608
53 0.960 0.268 1.108
129 0.918 0.298 0.976
101 0.909 0.298 0.746
179 0.933 0.275 0.608
53 0.994 0.264 1.109
129 0.953 0.291 0.976
101 0.930 0.289 0.744
179 0.945 0.266 0.607
53 1.025 0.265 1.110
129 0.983 0.291 0.977
101 0.951 0.289 0.744
179 0.959 0.265 0.607
53 1.052 0.267 1.111
129 1.008 0.296 0.978
101 0.967 0.300 0.745
179 0.967 0.277 0.607
53 1.080 0.268 1.113
129 1.035 0.300 0.980
101 0.986 0.310 0.746
179 0.979 0.287 0.608
53 1.110 0.266 1.115
129 1.065 0.298 0.982
101 1.012 0.311 0.748
179 0.998 0.291 0.609
53 1.112 0.283 1.115
129 1.073 0.306 0.982
101 1.033 0.310 0.748
179 1.019 0.291 0.608
53 1.093 0.304 1.113
129 1.059 0.332 0.980
101 1.029 0.328 0.747
179 1.021 0.303 0.607
53 1.066 0.315 1.111
129 1.033 0.349 0.978
101 1.009 0.348 0.746
179 1.008 0.319 0.606
53 1.036 0.315 1.110
129 1.005 0.350 0.977
101 0.989 0.350 0.745
179 0.998 0.320 0.606
53 1.007 0.308 1.109
129 0.979 0.341 0.976
101 0.974 0.339 0.744
179 0.989 0.310 0.605
53 0.977 0.305 1.107
129 0.952 0.334 0.974
101 0.956 0.328 0.743
179 0.976 0.301 0.604
53 0.947 0.305 1.106
129 0.923 0.334 0.973
101 0.935 0.324 0.741
179 0.960 0.297 0.603
53 0.930 0.314 1.104
129 0.901 0.336 0.971
101 0.915 0.320 0.740
179 0.945 0.293 0.602
53 0.957 0.312 1.104
129 0.915 0.333 0.970
101 0.909 0.317 0.740
179 0.935 0.289 0.603
53 0.992 0.306 1.106
129 0.951 0.325 0.971
101 0.930 0.309 0.739
179 0.946 0.281 0.602
53 1.022 0.305 1.107
129 0.982 0.324 0.972
101 0.953 0.309 0.739
179 0.961 0.280 0.602
53 1.050 0.307 1.108
129 1.007 0.328 0.973
101 0.969 0.320 0.740
179 0.970 0.292 0.603
53 1.077 0.309 1.110
129 1.033 0.333 0.975
101 0.987 0.332 0.741
179 0.982 0.303 0.603
53 1.107 0.307 1.112
129 1.063 0.333 0.977
101 1.011 0.335 0.742
179 1.000 0.308 0.604
53 1.110 0.321 1.112
129 1.074 0.338 0.978
101 1.034 0.333 0.743
179 1.021 0.308 0.604
53 1.092 0.340 1.110
129 1.061 0.359 0.975
101 1.034 0.346 0.741
179 1.026 0.317 0.602
53 1.064 0.351 1.108
129 1.034 0.376 0.973
101 1.015 0.363 0.740
179 1.015 0.331 0.601
53 1.033 0.354 1.106
129 1.004 0.381 0.971
101 0.993 0.368 0.739
179 1.002 0.333 0.600
53 1.004 0.350 1.105
129 0.977 0.374 0.970
101 0.976 0.358 0.738
179 0.991 0.325 0.599
53 0.975 0.344 1.103
129 0.952 0.365 0.969
101 0.959 0.347 0.736
179 0.979 0.315 0.598
53 0.945 0.343 1.102
129 0.925 0.361 0.967
101 0.940 0.340 0.735
179 0.964 0.309 0.597
53 0.928 0.351 1.100
129 0.902 0.362 0.965
101 0.919 0.335 0.734
179 0.949 0.305 0.597
53 0.952 0.351 1.101
129 0.913 0.362 0.965
101 0.911 0.333 0.734
179 0.938 0.301 0.598
53 0.987 0.345 1.102
129 0.948 0.355 0.966
101 0.929 0.327 0.734
179 0.946 0.294 0.598
53 1.019 0.342 1.104
129 0.980 0.352 0.967
101 0.953 0.327 0.734
179 0.962 0.294 0.598
53 1.047 0.342 1.105
129 1.007 0.355 0.969
101 0.972 0.337 0.735
179 0.974 0.305 0.599
53 1.074 0.345 1.107
129 1.032 0.361 0.970
101 0.989 0.349 0.736
179 0.987 0.316 0.600
53 1.103 0.345 1.109
129 1.060 0.363 0.972
101 1.011 0.355 0.738
179 1.002 0.322 0.600
53 1.107 0.356 1.110
129 1.073 0.366 0.973
101 1.034 0.353 0.738
179 1.022 0.323 0.600
53 1.090 0.371 1.107
129 1.062 0.382 0.971
101 1.037 0.361 0.736
179 1.030 0.329 0.598
53 1.061 0.382 1.105
129 1.036 0.396 0.968
101 1.021 0.375 0.735
179 1.021 0.340 0.597
53 1.030 0.388 1.103
129 1.004 0.404 0.966
101 0.998 0.380 0.733
179 1.008 0.343 0.596
53 1.000 0.386 1.101
129 0.976 0.401 0.965
101 0.978 0.374 0.732
179 0.994 0.337 0.595
53 0.972 0.380 1.100
129 0.951 0.392 0.963
101 0.961 0.363 0.731
179 0.981 0.327 0.594
53 0.943 0.376 1.098
129 0.926 0.384 0.961
101 0.943 0.354 0.730
179 0.967 0.320 0.593
53 0.928 0.382 1.097
129 0.905 0.382 0.960
101 0.923 0.347 0.729
179 0.953 0.314 0.593
53 0.922 0.392 1.066
129 0.895 0.391 0.933
101 0.911 0.347 0.709
179 0.942 0.312 0.576
53 0.943 0.392 1.067
129 0.902 0.395 0.933
101 0.902 0.352 0.709
179 0.931 0.315 0.577
53 0.975 0.389 1.070
129 0.931 0.393 0.935
101 0.914 0.351 0.710
179 0.936 0.312 0.578
53 1.005 0.386 1.072
129 0.962 0.391 0.937
101 0.935 0.352 0.711
179 0.949 0.312 0.579
53 1.033 0.386 1.074
129 0.988 0.395 0.939
101 0.950 0.362 0.712
179 0.959 0.321 0.580
53 1.060 0.388 1.076
129 1.013 0.400 0.941
101 0.966 0.373 0.713
179 0.968 0.331 0.581
53 1.088 0.387 1.079
129 1.041 0.400 0.944
101 0.986 0.379 0.715
179 0.981 0.337 0.582
53 1.101 0.375 1.079
129 1.059 0.396 0.944
101 1.008 0.382 0.714
179 0.998 0.342 0.581
53 1.082 0.375 1.076
129 1.050 0.393 0.942
101 1.014 0.381 0.712
179 1.006 0.345 0.578
53 1.050 0.386 1.073
129 1.019 0.406 0.939
101 0.994 0.389 0.710
179 0.996 0.349 0.576
53 1.017 0.395 1.071
129 0.983 0.416 0.937
101 0.965 0.394 0.709
179 0.975 0.351 0.575
53 0.987 0.395 1.070
129 0.953 0.415 0.936
101 0.942 0.387 0.708
179 0.958 0.344 0.575
53 0.957 0.389 1.069
129 0.927 0.406 0.935
101 0.925 0.374 0.707
179 0.947 0.334 0.574
53 0.927 0.386 1.067
129 0.899 0.400 0.933
101 0.908 0.367 0.706
179 0.935 0.328 0.573
53 0.924 0.367 1.067
129 0.888 0.388 0.933
101 0.892 0.364 0.706
179 0.922 0.327 0.573
53 0.947 0.348 1.068
129 0.905 0.365 0.933
101 0.894 0.349 0.706
179 0.921 0.316 0.573
53 0.977 0.343 1.070
129 0.933 0.357 0.935
101 0.909 0.339 0.706
179 0.928 0.306 0.574
53 1.006 0.347 1.072
129 0.960 0.363 0.937
101 0.922 0.348 0.707
179 0.933 0.311 0.574
53 1.034 0.353 1.074
129 0.987 0.372 0.939
101 0.938 0.361 0.708
179 0.941 0.323 0.575
53 1.065 0.353 1.076
129 1.018 0.375 0.941
101 0.964 0.370 0.710
179 0.960 0.332 0.576
53 1.095 0.350 1.079
129 1.049 0.373 0.944
101 0.992 0.373 0.712
179 0.980 0.339 0.577
53 1.108 0.340 1.079
129 1.067 0.371 0.944
101 1.013 0.379 0.711
179 0.997 0.347 0.576
53 1.088 0.342 1.076
129 1.057 0.372 0.943
101 1.019 0.380 0.710
179 1.006 0.349 0.574
53 1.057 0.352 1.074
129 1.027 0.383 0.940
101 0.999 0.388 0.709
179 0.995 0.354 0.573
53 1.025 0.357 1.072
129 0.994 0.390 0.939
101 0.972 0.392 0.708
179 0.976 0.355 0.573
53 0.995 0.355 1.071
129 0.964 0.387 0.938
101 0.950 0.383 0.707
179 0.961 0.346 0.572
53 0.965 0.352 1.070
129 0.937 0.380 0.937
101 0.932 0.373 0.707
179 0.949 0.337 0.571
53 0.934 0.351 1.069
129 0.908 0.378 0.936
101 0.914 0.368 0.706
179 0.937 0.334 0.570
53 0.932 0.329 1.069
129 0.899 0.364 0.935
101 0.900 0.366 0.706
179 0.926 0.334 0.571
53 0.953 0.309 1.069
129 0.915 0.338 0.936
101 0.904 0.349 0.706
179 0.928 0.323 0.571
53 0.982 0.304 1.071
129 0.941 0.329 0.937
101 0.917 0.337 0.706
179 0.934 0.313 0.572
53 1.011 0.309 1.072
129 0.966 0.336 0.938
101 0.928 0.344 0.707
179 0.936 0.318 0.572
53 1.041 0.315 1.074
129 0.995 0.345 0.940
101 0.946 0.355 0.708
179 0.945 0.327 0.573
53 1.072 0.316 1.077
129 1.027 0.346 0.943
101 0.973 0.361 0.710
179 0.964 0.333 0.574
53 1.102 0.314 1.079
129 1.057 0.345 0.945
101 1.000 0.364 0.712
179 0.984 0.339 0.575
53 1.115 0.303 1.079
129 1.075 0.342 0.946
101 1.022 0.369 0.712
179 1.002 0.347 0.575
53 1.096 0.306 1.077
129 1.066 0.344 0.945
101 1.030 0.368 0.712
179 1.013 0.348 0.573
53 1.066 0.314 1.075
129 1.037 0.355 0.943
101 1.010 0.378 0.711
179 1.003 0.355 0.573
53 1.034 0.318 1.074
129 1.005 0.361 0.942
101 0.983 0.384 0.710
179 0.984 0.357 0.573
53 1.003 0.316 1.073
129 0.976 0.357 0.941
101 0.961 0.376 0.710
179 0.970 0.348 0.572
53 0.973 0.312 1.072
129 0.947 0.351 0.940
101 0.943 0.367 0.709
179 0.958 0.340 0.572
53 0.942 0.313 1.071
129 0.918 0.351 0.939
101 0.924 0.364 0.709
179 0.946 0.337 0.571
53 0.940 0.288 1.072
129 0.910 0.334 0.939
101 0.911 0.362 0.709
179 0.935 0.339 0.572
53 0.959 0.268 1.071
129 0.924 0.306 0.939
101 0.915 0.339 0.709
179 0.938 0.325 0.572
53 0.987 0.264 1.072
129 0.948 0.298 0.940
101 0.925 0.327 0.710
179 0.941 0.315 0.573
53 1.016 0.270 1.073
129 0.973 0.304 0.941
101 0.935 0.333 0.710
179 0.942 0.319 0.573
53 1.046 0.275 1.075
129 1.002 0.312 0.943
101 0.954 0.341 0.711
179 0.952 0.326 0.574
53 1.079 0.276 1.078
129 1.035 0.313 0.945
101 0.981 0.345 0.713
179 0.971 0.330 0.575
53 1.108 0.275 1.080
129 1.064 0.313 0.947
101 1.008 0.347 0.715
179 0.991 0.335 0.576
53 1.122 0.264 1.081
129 1.084 0.310 0.948
101 1.031 0.352 0.716
179 1.009 0.342 0.576
53 1.104 0.267 1.079
129 1.076 0.312 0.948
101 1.040 0.351 0.715
179 1.022 0.342 0.575
53 1.074 0.274 1.078
129 1.048 0.322 0.946
101 1.022 0.363 0.715
179 1.013 0.351 0.575
53 1.042 0.277 1.076
129 1.016 0.327 0.945
101 0.995 0.369 0.715
179 0.994 0.354 0.575
53 1.011 0.274 1.075
129 0.986 0.322 0.945
101 0.973 0.361 0.715
179 0.980 0.345 0.575
53 0.980 0.270 1.075
129 0.957 0.317 0.944
101 0.952 0.353 0.715
179 0.967 0.337 0.575
53 0.949 0.272 1.074
129 0.927 0.318 0.944
101 0.932 0.352 0.715
179 0.953 0.335 0.575
53 0.946 0.245 1.075
129 0.919 0.298 0.944
101 0.920 0.348 0.715
179 0.943 0.336 0.576
53 0.966 0.226 1.074
129 0.932 0.271 0.944
101 0.924 0.320 0.715
179 0.945 0.317 0.576
53 0.993 0.223 1.074
129 0.955 0.263 0.943
101 0.931 0.307 0.715
179 0.945 0.307 0.576
53 1.021 0.229 1.075
129 0.979 0.270 0.944
101 0.940 0.313 0.715
179 0.945 0.312 0.577
53 1.052 0.233 1.077
129 1.009 0.275 0.946
101 0.960 0.319 0.716
179 0.957 0.317 0.577
53 1.084 0.233 1.079
129 1.041 0.276 0.948
101 0.989 0.321 0.717
179 0.977 0.320 0.578
53 1.113 0.234 1.081
129 1.070 0.278 0.950
101 1.015 0.325 0.720
179 0.996 0.325 0.580
53 1.129 0.222 1.083
129 1.092 0.274 0.952
101 1.038 0.329 0.721
179 1.015 0.331 0.580
53 1.111 0.225 1.082
129 1.084 0.276 0.951
101 1.049 0.327 0.721
179 1.030 0.329 0.580
53 1.082 0.231 1.080
129 1.057 0.285 0.950
101 1.031 0.340 0.721
179 1.021 0.340 0.580
53 1.049 0.233 1.079
129 1.025 0.289 0.949
101 1.004 0.347 0.721
179 1.002 0.345 0.580
53 1.018 0.229 1.078
129 0.994 0.284 0.949
101 0.981 0.339 0.721
179 0.987 0.335 0.581
53 0.986 0.226 1.078
129 0.964 0.279 0.949
101 0.959 0.331 0.721
179 0.972 0.327 0.581
53 0.955 0.227 1.078
129 0.934 0.280 0.948
101 0.937 0.331 0.721
179 0.958 0.325 0.581
53 0.952 0.200 1.078
129 0.926 0.258 0.949
101 0.925 0.324 0.722
179 0.948 0.324 0.582
53 0.971 0.182 1.077
129 0.939 0.232 0.948
101 0.929 0.293 0.722
179 0.948 0.302 0.582
53 0.998 0.180 1.077
129 0.960 0.226 0.947
101 0.935 0.281 0.721
179 0.947 0.291 0.582
53 1.026 0.185 1.077
129 0.984 0.232 0.948
101 0.944 0.287 0.720
179 0.947 0.296 0.582
53 1.056 0.188 1.079
129 1.014 0.236 0.949
101 0.965 0.292 0.721
179 0.961 0.301 0.583
53 1.088 0.189 1.081
129 1.046 0.237 0.951
101 0.994 0.293 0.723
179 0.982 0.304 0.584
53 1.117 0.190 1.083
129 1.075 0.239 0.954
101 1.020 0.297 0.725
179 1.001 0.308 0.585
53 1.133 0.178 1.085
129 1.097 0.235 0.955
101 1.044 0.300 0.727
179 1.019 0.313 0.586
53 1.116 0.180 1.084
129 1.090 0.236 0.955
101 1.055 0.297 0.727
179 1.035 0.309 0.586
53 1.086 0.185 1.083
129 1.063 0.244 0.954
101 1.037 0.311 0.727
179 1.025 0.322 0.586
53 1.054 0.187 1.082
129 1.030 0.248 0.954
101 1.009 0.318 0.728
179 1.006 0.328 0.587
53 1.022 0.182 1.081
129 0.999 0.241 0.953
101 0.985 0.310 0.728
179 0.991 0.318 0.588
53 0.990 0.179 1.081
129 0.968 0.236 0.953
101 0.961 0.302 0.728
179 0.975 0.310 0.588
53 0.959 0.180 1.081
129 0.938 0.238 0.953
101 0.939 0.303 0.729
179 0.959 0.308 0.588
53 0.956 0.153 1.081
129 0.930 0.215 0.953
101 0.927 0.294 0.729
179 0.949 0.306 0.589
53 0.975 0.137 1.080
129 0.943 0.190 0.952
101 0.931 0.261 0.728
179 0.949 0.279 0.589
53 1.002 0.135 1.079
129 0.965 0.185 0.951
101 0.938 0.251 0.727
179 0.947 0.269 0.588
53 1.029 0.140 1.080
129 0.988 0.192 0.951
101 0.947 0.257 0.727
179 0.948 0.275 0.588
53 1.059 0.143 1.081
129 1.018 0.195 0.953
101 0.970 0.261 0.728
179 0.964 0.280 0.589
53 1.090 0.143 1.083
129 1.050 0.195 0.955
101 0.998 0.261 0.729
179 0.985 0.281 0.590
53 1.120 0.145 1.085
129 1.078 0.198 0.957
101 1.023 0.264 0.731
179 1.003 0.284 0.591
53 1.135 0.132 1.087
129 1.100 0.192 0.959
101 1.047 0.267 0.733
179 1.022 0.288 0.592
53 1.118 0.134 1.087
129 1.093 0.193 0.959
101 1.057 0.262 0.733
179 1.038 0.282 0.593
53 1.089 0.137 1.085
129 1.066 0.200 0.958
101 1.038 0.277 0.734
179 1.026 0.297 0.593
53 1.055 0.139 1.084
129 1.032 0.203 0.958
101 1.010 0.284 0.734
179 1.007 0.304 0.594
53 1.023 0.134 1.084
129 1.000 0.196 0.957
101 0.985 0.275 0.735
179 0.991 0.294 0.595
53 0.992 0.130 1.083
129 0.970 0.192 0.957
101 0.961 0.268 0.735
179 0.974 0.286 0.595
53 0.962 0.131 1.084
129 0.940 0.193 0.957
101 0.939 0.269 0.735
179 0.958 0.285 0.596
53 0.958 0.104 1.084
129 0.933 0.170 0.958
101 0.927 0.259 0.736
179 0.948 0.282 0.596
53 0.977 0.090 1.082
129 0.946 0.147 0.956
101 0.932 0.226 0.735
179 0.948 0.252 0.596
53 1.004 0.089 1.082
129 0.968 0.143 0.955
101 0.940 0.217 0.733
179 0.947 0.242 0.595
53 1.031 0.094 1.082
129 0.992 0.149 0.955
101 0.950 0.224 0.733
179 0.949 0.249 0.595
53 1.061 0.096 1.084
129 1.021 0.152 0.957
101 0.973 0.227 0.734
179 0.966 0.254 0.596
53 1.092 0.097 1.086
129 1.052 0.153 0.959
101 1.001 0.227 0.735
179 0.987 0.254 0.597
53 1.121 0.099 1.088
129 1.080 0.155 0.961
101 1.025 0.229 0.737
179 1.005 0.256 0.598
53 1.137 0.084 1.090
129 1.102 0.148 0.963
101 1.049 0.230 0.739
179 1.023 0.258 0.599
53 1.119 0.086 1.089
129 1.094 0.148 0.963
101 1.058 0.224 0.739
179 1.038 0.251 0.600
53 1.089 0.088 1.088
129 1.066 0.154 0.962
101 1.038 0.239 0.740
179 1.025 0.266 0.601
53 1.055 0.090 1.087
129 1.031 0.157 0.961
101 1.008 0.245 0.740
179 1.004 0.274 0.602
53 1.023 0.084 1.086
129 0.999 0.150 0.961
101 0.982 0.236 0.741
179 0.987 0.265 0.603
53 0.992 0.081 1.086
129 0.969 0.145 0.961
101 0.958 0.229 0.741
179 0.970 0.256 0.603
53 0.962 0.082 1.086
129 0.941 0.147 0.961
101 0.936 0.231 0.742
179 0.954 0.256 0.603
53 0.958 0.055 1.086
129 0.933 0.124 0.961
101 0.925 0.221 0.742
179 0.945 0.252 0.604
53 0.978 0.042 1.085
129 0.947 0.103 0.960
101 0.931 0.188 0.741
179 0.946 0.221 0.603
53 1.006 0.041 1.084
129 0.970 0.099 0.959
101 0.941 0.180 0.739
179 0.946 0.211 0.602
53 1.033 0.047 1.085
129 0.994 0.105 0.959
101 0.952 0.187 0.739
179 0.950 0.219 0.602
53 1.062 0.049 1.086
129 1.022 0.108 0.960
101 0.975 0.191 0.740
179 0.967 0.224 0.602
53 1.093 0.050 1.088
129 1.054 0.109 0.962
101 1.004 0.190 0.741
179 0.989 0.224 0.603
53 1.122 0.052 1.090
129 1.082 0.112 0.964
101 1.027 0.192 0.743
179 1.006 0.225 0.605
53 1.137 0.036 1.092
129 1.103 0.103 0.966
101 1.050 0.191 0.744
179 1.023 0.225 0.606
53 1.118 0.037 1.091
129 1.093 0.102 0.966
101 1.057 0.185 0.745
179 1.037 0.216 0.607
53 1.088 0.039 1.090
129 1.065 0.107 0.966
101 1.036 0.198 0.746
179 1.023 0.232 0.608
53 1.053 0.040 1.089
129 1.029 0.110 0.965
101 1.004 0.204 0.746
179 1.000 0.240 0.609
53 1.021 0.035 1.089
129 0.997 0.103 0.965
101 0.978 0.196 0.747
179 0.982 0.232 0.610
53 0.991 0.031 1.088
129 0.968 0.098 0.964
101 0.955 0.189 0.747
179 0.965 0.223 0.610
53 0.962 0.032 1.088
129 0.940 0.099 0.964
101 0.933 0.191 0.747
179 0.950 0.223 0.610
53 0.958 0.006 1.088
129 0.933 0.076 0.964
101 0.923 0.180 0.748
179 0.940 0.219 0.611
53 0.978 -0.006 1.087
129 0.948 0.057 0.963
101 0.930 0.149 0.746
179 0.943 0.187 0.610
53 1.007 -0.007 1.087
129 0.972 0.054 0.962
101 0.941 0.142 0.745
179 0.945 0.178 0.609
53 1.034 -0.002 1.087
129 0.996 0.060 0.962
101 0.954 0.148 0.744
179 0.950 0.186 0.608
53 1.062 0.001 1.089
129 1.023 0.063 0.964
101 0.977 0.153 0.745
179 0.967 0.192 0.609
53 1.094 0.002 1.090
129 1.055 0.064 0.966
101 1.005 0.152 0.747
179 0.989 0.191 0.610
53 1.123 0.004 1.092
129 1.083 0.066 0.968
101 1.028 0.153 0.749
179 1.007 0.190 0.611
53 1.137 -0.012 1.095
129 1.104 0.057 0.970
101 1.050 0.150 0.750
179 1.023 0.189 0.613
53 1.117 -0.012 1.094
129 1.092 0.056 0.970
101 1.056 0.144 0.751
179 1.036 0.179 0.613
53 1.086 -0.011 1.093
129 1.063 0.060 0.969
101 1.033 0.155 0.752
179 1.020 0.194 0.615
53 1.051 -0.010 1.092
129 1.026 0.062 0.968
101 1.000 0.161 0.752
179 0.995 0.203 0.616
53 1.019 -0.015 1.091
129 0.994 0.055 0.968
101 0.973 0.154 0.752
179 0.976 0.195 0.617
53 0.989 -0.019 1.090
129 0.966 0.050 0.967
101 0.950 0.147 0.752
179 0.959 0.187 0.617
53 0.962 -0.019 1.090
129 0.940 0.051 0.967
101 0.930 0.149 0.752
179 0.944 0.187 0.617
53 0.958 -0.044 1.090
129 0.934 0.029 0.967
101 0.920 0.137 0.752
179 0.936 0.183 0.617
53 0.979 -0.055 1.089
129 0.948 0.012 0.966
101 0.928 0.109 0.752
179 0.939 0.152 0.616
53 1.009 -0.055 1.089
129 0.974 0.009 0.966
101 0.942 0.102 0.750
179 0.944 0.142 0.615
53 1.036 -0.050 1.090
129 0.998 0.014 0.966
101 0.956 0.108 0.750
179 0.950 0.150 0.615
53 1.064 -0.047 1.091
129 1.025 0.018 0.967
101 0.978 0.112 0.751
179 0.968 0.156 0.616
53 1.094 -0.046 1.093
129 1.056 0.019 0.969
101 1.006 0.112 0.752
179 0.990 0.154 0.617
53 1.124 -0.043 1.095
129 1.084 0.021 0.971
101 1.029 0.111 0.754
179 1.007 0.152 0.618
53 1.137 -0.060 1.098
129 1.104 0.010 0.974
101 1.050 0.108 0.756
179 1.023 0.150 0.619
53 1.117 -0.061 1.097
129 1.092 0.009 0.973
101 1.055 0.101 0.756
179 1.034 0.140 0.620
53 1.086 -0.060 1.095
129 1.062 0.012 0.973
101 1.031 0.112 0.757
179 1.017 0.154 0.621
53 1.051 -0.060 1.094
129 1.025 0.014 0.972
101 0.997 0.118 0.757
179 0.990 0.164 0.622
53 1.017 -0.065 1.093
129 0.992 0.008 0.971
101 0.969 0.111 0.757
179 0.970 0.157 0.623
53 0.988 -0.068 1.092
129 0.964 0.003 0.970
101 0.947 0.104 0.757
179 0.954 0.149 0.623
53 0.962 -0.068 1.092
129 0.939 0.004 0.970
101 0.927 0.106 0.757
179 0.940 0.149 0.623
53 0.959 -0.093 1.091
129 0.933 -0.018 0.970
101 0.918 0.094 0.757
179 0.931 0.145 0.623
53 0.963 -0.097 1.063
129 0.939 -0.027 0.944
101 0.925 0.072 0.736
179 0.936 0.118 0.605
