53 1.093 -0.210 1.261
179 1.098 -0.102 0.733
53 1.102 -0.225 1.258
179 1.104 -0.138 0.731
53 1.125 -0.236 1.256
179 1.124 -0.159 0.729
53 1.160 -0.243 1.256
179 1.154 -0.166 0.727
53 1.202 -0.242 1.256
179 1.189 -0.163 0.724
53 1.244 -0.233 1.257
179 1.224 -0.157 0.722
53 1.277 -0.213 1.257
179 1.261 -0.149 0.720
53 1.292 -0.194 1.260
179 1.298 -0.135 0.719
53 1.273 -0.188 1.263
179 1.329 -0.117 0.720
53 1.241 -0.186 1.263
179 1.335 -0.105 0.723
53 1.207 -0.184 1.262
179 1.310 -0.103 0.726
53 1.173 -0.182 1.261
179 1.269 -0.103 0.727
53 1.136 -0.181 1.260
179 1.223 -0.105 0.728
53 1.110 -0.173 1.255
179 1.174 -0.112 0.727
53 1.097 -0.166 1.252
179 1.127 -0.114 0.726
53 1.095 -0.167 1.250
179 1.085 -0.109 0.725
53 1.107 -0.172 1.250
179 1.060 -0.097 0.724
53 1.133 -0.173 1.251
179 1.065 -0.087 0.724
53 1.170 -0.165 1.252
179 1.096 -0.084 0.724
53 1.210 -0.155 1.254
179 1.141 -0.085 0.724
53 1.239 -0.139 1.255
179 1.191 -0.087 0.723
53 1.257 -0.128 1.257
179 1.241 -0.087 0.722
53 1.263 -0.126 1.260
179 1.289 -0.082 0.722
53 1.251 -0.133 1.263
179 1.329 -0.079 0.723
53 1.229 -0.143 1.263
179 1.346 -0.082 0.726
53 1.200 -0.150 1.262
179 1.326 -0.091 0.728
53 1.166 -0.152 1.260
179 1.283 -0.098 0.728
53 1.146 -0.146 1.256
179 1.232 -0.106 0.726
53 1.137 -0.138 1.253
179 1.185 -0.110 0.725
53 1.133 -0.132 1.250
179 1.142 -0.110 0.723
53 1.133 -0.129 1.248
179 1.104 -0.104 0.721
53 1.138 -0.130 1.247
179 1.078 -0.092 0.721
53 1.157 -0.130 1.248
179 1.071 -0.077 0.722
53 1.188 -0.125 1.250
179 1.091 -0.065 0.722
53 1.209 -0.109 1.251
179 1.131 -0.062 0.722
53 1.217 -0.093 1.252
179 1.175 -0.057 0.721
53 1.221 -0.081 1.253
179 1.215 -0.049 0.721
53 1.220 -0.075 1.255
179 1.251 -0.042 0.721
53 1.213 -0.075 1.258
179 1.283 -0.036 0.723
53 1.193 -0.081 1.259
179 1.306 -0.034 0.725
53 1.170 -0.088 1.258
179 1.305 -0.042 0.728
53 1.163 -0.086 1.255
179 1.280 -0.054 0.728
53 1.173 -0.085 1.254
179 1.255 -0.062 0.726
53 1.186 -0.084 1.253
179 1.232 -0.066 0.724
53 1.198 -0.083 1.251
179 1.213 -0.067 0.723
53 1.210 -0.082 1.250
179 1.197 -0.069 0.721
53 1.221 -0.082 1.249
179 1.184 -0.070 0.720
53 1.231 -0.082 1.248
179 1.174 -0.070 0.720
53 1.234 -0.077 1.248
179 1.170 -0.071 0.720
53 1.226 -0.073 1.248
179 1.172 -0.071 0.719
53 1.211 -0.071 1.248
179 1.177 -0.068 0.718
53 1.192 -0.068 1.248
179 1.182 -0.064 0.718
53 1.172 -0.066 1.249
179 1.184 -0.061 0.718
53 1.151 -0.064 1.249
179 1.185 -0.058 0.718
53 1.130 -0.063 1.248
179 1.184 -0.056 0.718
53 1.118 -0.057 1.247
179 1.178 -0.057 0.719
53 1.118 -0.052 1.246
179 1.168 -0.058 0.721
53 1.127 -0.050 1.245
179 1.157 -0.058 0.721
53 1.142 -0.047 1.245
179 1.147 -0.059 0.721
53 1.161 -0.046 1.245
179 1.139 -0.059 0.721
53 1.183 -0.044 1.246
179 1.135 -0.058 0.721
53 1.207 -0.044 1.247
179 1.137 -0.055 0.721
53 1.222 -0.037 1.248
179 1.148 -0.053 0.720
53 1.222 -0.034 1.248
179 1.168 -0.050 0.719
53 1.214 -0.031 1.249
179 1.187 -0.045 0.718
53 1.204 -0.027 1.249
179 1.204 -0.041 0.718
53 1.191 -0.022 1.250
179 1.218 -0.038 0.718
53 1.175 -0.018 1.251
179 1.230 -0.035 0.719
53 1.155 -0.014 1.251
179 1.238 -0.033 0.721
53 1.145 -0.006 1.250
179 1.238 -0.031 0.723
53 1.151 -0.004 1.249
179 1.229 -0.030 0.725
53 1.166 -0.004 1.248
179 1.222 -0.028 0.724
53 1.183 -0.004 1.247
179 1.218 -0.026 0.723
53 1.201 -0.003 1.247
179 1.216 -0.026 0.722
53 1.219 -0.003 1.247
179 1.214 -0.026 0.721
53 1.238 -0.002 1.247
179 1.214 -0.026 0.721
53 1.251 0.006 1.248
179 1.216 -0.028 0.721
53 1.252 0.011 1.249
179 1.223 -0.030 0.720
53 1.243 0.016 1.250
179 1.233 -0.030 0.719
53 1.227 0.020 1.252
179 1.241 -0.030 0.720
53 1.205 0.025 1.252
179 1.248 -0.030 0.721
53 1.179 0.028 1.252
179 1.250 -0.027 0.722
53 1.150 0.029 1.251
179 1.244 -0.022 0.724
53 1.135 0.035 1.250
179 1.229 -0.017 0.726
53 1.135 0.034 1.248
179 1.210 -0.013 0.726
53 1.144 0.033 1.247
179 1.193 -0.010 0.725
53 1.156 0.035 1.246
179 1.180 -0.009 0.724
53 1.172 0.039 1.246
179 1.168 -0.008 0.724
53 1.190 0.043 1.246
179 1.158 -0.006 0.723
53 1.210 0.048 1.246
179 1.151 -0.003 0.723
53 1.222 0.058 1.247
179 1.152 0.002 0.722
53 1.220 0.062 1.247
179 1.162 0.008 0.721
53 1.209 0.064 1.247
179 1.175 0.014 0.720
53 1.194 0.067 1.247
179 1.185 0.018 0.719
53 1.177 0.071 1.248
179 1.194 0.022 0.719
53 1.159 0.076 1.248
179 1.200 0.026 0.720
53 1.139 0.080 1.249
179 1.204 0.030 0.721
53 1.127 0.090 1.249
179 1.202 0.035 0.723
53 1.129 0.092 1.247
179 1.194 0.040 0.725
53 1.140 0.093 1.246
179 1.185 0.045 0.724
53 1.155 0.095 1.245
179 1.179 0.047 0.723
53 1.173 0.098 1.245
179 1.173 0.050 0.723
53 1.193 0.102 1.245
179 1.169 0.052 0.722
53 1.214 0.105 1.245
179 1.168 0.056 0.722
53 1.228 0.115 1.246
179 1.171 0.058 0.721
53 1.228 0.119 1.247
179 1.182 0.062 0.720
53 1.220 0.122 1.247
179 1.195 0.065 0.719
53 1.206 0.126 1.248
179 1.206 0.067 0.718
53 1.189 0.131 1.249
179 1.215 0.070 0.719
53 1.168 0.136 1.250
179 1.222 0.074 0.720
53 1.144 0.141 1.250
179 1.224 0.081 0.722
53 1.129 0.149 1.250
179 1.216 0.089 0.724
53 1.132 0.151 1.248
179 1.203 0.096 0.724
53 1.142 0.149 1.246
179 1.191 0.101 0.723
53 1.156 0.151 1.245
179 1.182 0.102 0.721
53 1.173 0.155 1.244
179 1.173 0.101 0.720
53 1.192 0.159 1.244
179 1.167 0.100 0.720
53 1.212 0.163 1.244
179 1.164 0.100 0.719
53 1.224 0.170 1.245
179 1.167 0.099 0.719
53 1.223 0.170 1.246
179 1.179 0.098 0.718
53 1.215 0.169 1.247
179 1.193 0.097 0.717
53 1.201 0.171 1.248
179 1.205 0.096 0.718
53 1.182 0.176 1.249
179 1.215 0.098 0.719
53 1.160 0.181 1.249
179 1.221 0.103 0.720
53 1.136 0.186 1.250
179 1.220 0.113 0.722
53 1.121 0.195 1.250
179 1.209 0.122 0.724
53 1.123 0.198 1.247
179 1.191 0.129 0.724
53 1.133 0.197 1.246
179 1.176 0.131 0.722
53 1.147 0.200 1.245
179 1.163 0.127 0.720
53 1.164 0.204 1.244
179 1.152 0.121 0.719
53 1.184 0.204 1.244
179 1.147 0.115 0.719
53 1.207 0.200 1.244
179 1.149 0.113 0.719
53 1.224 0.203 1.246
179 1.162 0.111 0.719
53 1.227 0.206 1.247
179 1.185 0.113 0.718
53 1.221 0.210 1.249
179 1.209 0.116 0.719
53 1.207 0.217 1.250
179 1.230 0.120 0.720
53 1.189 0.226 1.251
179 1.245 0.130 0.721
53 1.166 0.233 1.252
179 1.250 0.143 0.722
53 1.139 0.237 1.251
179 1.243 0.155 0.723
53 1.125 0.246 1.251
179 1.220 0.161 0.724
53 1.125 0.248 1.248
179 1.189 0.161 0.723
53 1.132 0.245 1.246
179 1.162 0.153 0.721
53 1.142 0.241 1.244
179 1.140 0.140 0.719
53 1.155 0.239 1.244
179 1.125 0.127 0.719
53 1.176 0.234 1.244
179 1.123 0.120 0.720
53 1.203 0.231 1.245
179 1.135 0.121 0.720
53 1.225 0.239 1.248
179 1.162 0.126 0.720
53 1.232 0.248 1.250
179 1.199 0.136 0.720
53 1.228 0.258 1.251
179 1.233 0.147 0.720
53 1.216 0.270 1.253
179 1.262 0.159 0.721
53 1.197 0.280 1.253
179 1.277 0.172 0.722
53 1.170 0.284 1.253
179 1.273 0.180 0.722
53 1.139 0.281 1.252
179 1.246 0.183 0.722
53 1.115 0.286 1.252
179 1.203 0.178 0.723
53 1.098 0.287 1.219
179 1.158 0.173 0.705
53 1.089 0.282 1.216
179 1.120 0.163 0.703
53 1.088 0.280 1.214
179 1.089 0.148 0.704
53 1.101 0.281 1.213
179 1.070 0.137 0.704
53 1.128 0.278 1.214
179 1.072 0.137 0.704
53 1.162 0.275 1.216
179 1.094 0.144 0.704
53 1.196 0.273 1.217
179 1.128 0.152 0.704
53 1.216 0.259 1.217
179 1.163 0.159 0.703
53 1.225 0.252 1.218
179 1.194 0.162 0.700
53 1.226 0.257 1.220
179 1.220 0.161 0.699
53 1.219 0.269 1.222
179 1.243 0.161 0.700
53 1.201 0.279 1.223
179 1.260 0.166 0.701
53 1.176 0.285 1.224
179 1.266 0.179 0.703
53 1.148 0.288 1.223
179 1.258 0.192 0.705
53 1.139 0.280 1.220
179 1.237 0.200 0.703
53 1.148 0.271 1.218
179 1.218 0.195 0.701
53 1.162 0.263 1.216
179 1.204 0.183 0.698
53 1.175 0.258 1.214
179 1.193 0.172 0.697
53 1.188 0.253 1.213
179 1.185 0.163 0.696
53 1.201 0.249 1.213
179 1.180 0.159 0.697
53 1.214 0.247 1.213
179 1.176 0.157 0.698
53 1.220 0.238 1.212
179 1.175 0.159 0.697
53 1.215 0.233 1.213
179 1.177 0.162 0.695
53 1.204 0.234 1.213
179 1.180 0.162 0.694
53 1.188 0.237 1.213
179 1.181 0.162 0.694
53 1.171 0.242 1.214
179 1.181 0.164 0.694
53 1.152 0.248 1.215
179 1.180 0.167 0.694
53 1.130 0.255 1.217
179 1.177 0.172 0.695
53 1.119 0.253 1.214
179 1.170 0.180 0.695
53 1.120 0.252 1.212
179 1.161 0.187 0.695
53 1.129 0.254 1.210
179 1.154 0.190 0.694
53 1.141 0.257 1.209
179 1.148 0.190 0.693
53 1.156 0.258 1.208
179 1.144 0.189 0.693
53 1.175 0.256 1.208
179 1.140 0.187 0.693
53 1.196 0.252 1.209
179 1.139 0.186 0.694
53 1.210 0.241 1.210
179 1.145 0.186 0.693
53 1.209 0.233 1.210
179 1.156 0.185 0.691
53 1.200 0.230 1.210
179 1.166 0.183 0.690
53 1.187 0.230 1.210
179 1.174 0.184 0.689
53 1.172 0.233 1.211
179 1.179 0.187 0.689
53 1.154 0.238 1.213
179 1.182 0.194 0.689
53 1.131 0.242 1.214
179 1.183 0.200 0.690
53 1.114 0.239 1.212
179 1.179 0.208 0.690
53 1.110 0.236 1.210
179 1.169 0.213 0.691
53 1.117 0.236 1.209
179 1.159 0.214 0.691
53 1.132 0.233 1.208
179 1.151 0.212 0.691
53 1.153 0.227 1.208
179 1.146 0.207 0.690
53 1.176 0.221 1.209
179 1.143 0.200 0.690
53 1.200 0.216 1.209
179 1.144 0.194 0.690
53 1.215 0.205 1.210
179 1.151 0.192 0.690
53 1.216 0.199 1.211
179 1.164 0.190 0.688
53 1.207 0.200 1.211
179 1.175 0.192 0.687
53 1.195 0.202 1.211
179 1.184 0.197 0.687
53 1.177 0.205 1.212
179 1.190 0.205 0.686
53 1.155 0.207 1.213
179 1.194 0.212 0.687
53 1.129 0.208 1.214
179 1.195 0.217 0.688
53 1.109 0.199 1.212
179 1.187 0.219 0.689
53 1.105 0.193 1.210
179 1.170 0.215 0.691
53 1.112 0.190 1.208
179 1.154 0.210 0.690
53 1.126 0.186 1.207
179 1.141 0.207 0.690
53 1.146 0.180 1.207
179 1.131 0.203 0.690
53 1.169 0.174 1.208
179 1.127 0.196 0.690
53 1.193 0.170 1.209
179 1.129 0.188 0.690
53 1.210 0.159 1.210
179 1.139 0.183 0.689
53 1.210 0.155 1.210
179 1.154 0.180 0.688
53 1.201 0.159 1.210
179 1.167 0.183 0.687
53 1.188 0.162 1.211
179 1.176 0.192 0.687
53 1.171 0.165 1.211
179 1.181 0.205 0.687
53 1.148 0.168 1.212
179 1.184 0.214 0.687
53 1.121 0.168 1.212
179 1.183 0.216 0.688
53 1.100 0.156 1.211
179 1.174 0.214 0.690
53 1.097 0.147 1.209
179 1.155 0.203 0.691
53 1.105 0.141 1.207
179 1.137 0.195 0.691
53 1.120 0.135 1.207
179 1.122 0.190 0.691
53 1.140 0.130 1.207
179 1.111 0.185 0.691
53 1.163 0.125 1.207
179 1.108 0.177 0.691
53 1.188 0.121 1.208
179 1.113 0.168 0.691
53 1.204 0.111 1.210
179 1.126 0.162 0.691
53 1.204 0.108 1.210
179 1.144 0.158 0.690
53 1.194 0.113 1.210
179 1.157 0.162 0.689
53 1.180 0.118 1.210
179 1.163 0.175 0.689
53 1.162 0.122 1.211
179 1.166 0.192 0.689
53 1.138 0.125 1.211
179 1.167 0.204 0.689
53 1.111 0.126 1.211
179 1.165 0.205 0.690
53 1.090 0.110 1.210
179 1.155 0.199 0.692
53 1.087 0.098 1.208
179 1.135 0.183 0.693
53 1.097 0.090 1.207
179 1.116 0.170 0.693
53 1.113 0.083 1.206
179 1.101 0.162 0.693
53 1.134 0.078 1.206
179 1.091 0.155 0.693
53 1.157 0.073 1.207
179 1.090 0.145 0.693
53 1.182 0.069 1.208
179 1.097 0.134 0.693
53 1.198 0.059 1.209
179 1.112 0.127 0.693
53 1.196 0.057 1.209
179 1.131 0.123 0.692
53 1.184 0.063 1.209
179 1.142 0.128 0.692
53 1.169 0.068 1.209
179 1.146 0.143 0.691
53 1.149 0.074 1.210
179 1.145 0.164 0.691
53 1.125 0.079 1.210
179 1.142 0.180 0.691
53 1.097 0.080 1.210
179 1.137 0.183 0.692
53 1.076 0.063 1.209
179 1.128 0.178 0.694
53 1.076 0.048 1.207
179 1.109 0.157 0.696
53 1.088 0.038 1.206
179 1.092 0.138 0.695
53 1.107 0.029 1.206
179 1.079 0.124 0.695
53 1.128 0.023 1.206
179 1.072 0.112 0.695
53 1.151 0.019 1.207
179 1.073 0.101 0.695
53 1.176 0.015 1.208
179 1.082 0.089 0.695
53 1.191 0.005 1.209
179 1.098 0.082 0.695
53 1.187 0.003 1.209
179 1.116 0.077 0.694
53 1.174 0.009 1.208
179 1.125 0.083 0.694
53 1.157 0.014 1.208
179 1.125 0.098 0.693
53 1.136 0.021 1.208
179 1.118 0.119 0.693
53 1.111 0.027 1.208
179 1.110 0.138 0.693
53 1.082 0.030 1.208
179 1.102 0.148 0.694
53 1.061 0.013 1.208
179 1.092 0.148 0.696
53 1.063 -0.003 1.207
179 1.078 0.125 0.698
53 1.080 -0.016 1.206
179 1.066 0.098 0.697
53 1.102 -0.026 1.206
179 1.060 0.077 0.696
53 1.124 -0.033 1.206
179 1.058 0.060 0.696
53 1.147 -0.037 1.207
179 1.061 0.047 0.696
53 1.171 -0.041 1.207
179 1.070 0.036 0.696
53 1.185 -0.050 1.209
179 1.086 0.030 0.696
53 1.179 -0.052 1.208
179 1.103 0.026 0.695
53 1.164 -0.047 1.208
179 1.110 0.030 0.695
53 1.145 -0.043 1.207
179 1.106 0.042 0.694
53 1.124 -0.037 1.207
179 1.094 0.060 0.694
53 1.098 -0.031 1.207
179 1.079 0.079 0.694
53 1.068 -0.026 1.206
179 1.066 0.095 0.694
53 1.047 -0.042 1.206
179 1.054 0.102 0.697
53 1.049 -0.057 1.205
179 1.044 0.083 0.698
53 1.071 -0.071 1.205
179 1.041 0.054 0.698
53 1.098 -0.080 1.206
179 1.045 0.027 0.697
53 1.124 -0.087 1.206
179 1.052 0.004 0.696
53 1.147 -0.093 1.206
179 1.061 -0.011 0.696
53 1.170 -0.096 1.207
179 1.070 -0.021 0.697
53 1.182 -0.105 1.208
179 1.083 -0.025 0.696
53 1.175 -0.107 1.208
179 1.097 -0.028 0.695
53 1.159 -0.105 1.207
179 1.102 -0.025 0.694
53 1.139 -0.101 1.206
179 1.096 -0.016 0.694
53 1.117 -0.097 1.206
179 1.082 -0.004 0.693
53 1.091 -0.092 1.205
179 1.064 0.010 0.693
53 1.061 -0.088 1.205
179 1.046 0.025 0.693
53 1.038 -0.100 1.205
179 1.029 0.039 0.695
53 1.038 -0.114 1.204
179 1.017 0.031 0.698
53 1.062 -0.125 1.204
179 1.019 0.006 0.698
53 1.094 -0.133 1.205
179 1.033 -0.021 0.697
53 1.124 -0.139 1.206
179 1.052 -0.045 0.696
53 1.150 -0.144 1.207
179 1.070 -0.062 0.696
53 1.175 -0.147 1.207
179 1.084 -0.072 0.696
53 1.188 -0.156 1.208
179 1.097 -0.077 0.696
53 1.183 -0.159 1.208
179 1.109 -0.079 0.694
53 1.168 -0.158 1.207
179 1.114 -0.077 0.693
53 1.150 -0.157 1.207
179 1.109 -0.072 0.692
53 1.128 -0.155 1.206
179 1.097 -0.065 0.692
53 1.104 -0.154 1.206
179 1.080 -0.056 0.691
53 1.076 -0.152 1.205
179 1.061 -0.047 0.691
53 1.052 -0.161 1.205
179 1.040 -0.034 0.693
53 1.034 -0.166 1.176
179 1.021 -0.030 0.678
53 1.031 -0.169 1.174
179 1.000 -0.027 0.679
53 1.049 -0.175 1.175
179 0.991 -0.032 0.680
53 1.078 -0.180 1.176
179 1.003 -0.049 0.680
53 1.109 -0.184 1.177
179 1.025 -0.065 0.680
53 1.137 -0.187 1.178
179 1.043 -0.078 0.680
53 1.161 -0.189 1.179
179 1.053 -0.086 0.680
53 1.163 -0.180 1.178
179 1.059 -0.093 0.679
53 1.143 -0.170 1.176
179 1.053 -0.089 0.677
53 1.115 -0.162 1.175
179 1.033 -0.075 0.676
53 1.081 -0.157 1.173
179 1.005 -0.055 0.676
53 1.044 -0.154 1.172
179 0.981 -0.035 0.676
53 1.012 -0.151 1.171
179 0.969 -0.020 0.676
53 0.987 -0.147 1.172
179 0.967 -0.014 0.676
53 0.979 -0.137 1.171
179 0.965 -0.013 0.676
53 1.005 -0.135 1.171
179 0.961 -0.012 0.677
53 1.041 -0.137 1.173
179 0.971 -0.019 0.676
53 1.071 -0.139 1.174
179 0.990 -0.028 0.676
53 1.098 -0.142 1.175
179 1.005 -0.035 0.676
53 1.123 -0.143 1.176
179 1.013 -0.042 0.677
53 1.147 -0.143 1.177
179 1.021 -0.049 0.677
53 1.149 -0.133 1.177
179 1.033 -0.058 0.677
53 1.130 -0.125 1.175
179 1.032 -0.058 0.676
53 1.100 -0.118 1.174
179 1.013 -0.046 0.675
53 1.065 -0.114 1.172
179 0.984 -0.029 0.675
53 1.028 -0.113 1.171
179 0.961 -0.011 0.675
53 0.998 -0.112 1.170
179 0.953 0.001 0.674
53 0.975 -0.108 1.171
179 0.954 0.007 0.674
53 0.968 -0.097 1.170
179 0.953 0.008 0.673
53 0.997 -0.092 1.170
179 0.948 0.010 0.674
53 1.034 -0.092 1.172
179 0.960 0.006 0.673
53 1.064 -0.093 1.173
179 0.980 -0.001 0.672
53 1.091 -0.095 1.174
179 0.994 -0.007 0.673
53 1.117 -0.096 1.175
179 1.001 -0.012 0.674
53 1.141 -0.097 1.177
179 1.010 -0.018 0.675
53 1.144 -0.087 1.176
179 1.024 -0.027 0.674
53 1.124 -0.078 1.175
179 1.025 -0.028 0.674
53 1.092 -0.070 1.173
179 1.005 -0.019 0.673
53 1.057 -0.066 1.172
179 0.975 -0.004 0.673
53 1.022 -0.065 1.171
179 0.952 0.013 0.673
53 0.992 -0.065 1.170
179 0.945 0.024 0.672
53 0.968 -0.063 1.170
179 0.947 0.030 0.671
53 0.961 -0.053 1.169
179 0.945 0.031 0.671
53 0.992 -0.046 1.170
179 0.941 0.033 0.671
53 1.029 -0.045 1.171
179 0.953 0.029 0.670
53 1.059 -0.045 1.172
179 0.974 0.024 0.669
53 1.087 -0.046 1.174
179 0.987 0.020 0.670
53 1.112 -0.047 1.175
179 0.994 0.017 0.671
53 1.137 -0.048 1.176
179 1.003 0.013 0.672
53 1.139 -0.039 1.176
179 1.019 0.005 0.672
53 1.119 -0.028 1.175
179 1.021 0.004 0.672
53 1.088 -0.020 1.173
179 1.002 0.013 0.672
53 1.053 -0.014 1.172
179 0.972 0.027 0.671
53 1.019 -0.011 1.171
179 0.948 0.041 0.671
53 0.989 -0.011 1.170
179 0.941 0.050 0.670
53 0.965 -0.012 1.170
179 0.943 0.054 0.669
53 0.958 -0.005 1.169
179 0.941 0.054 0.668
53 0.988 0.001 1.170
179 0.936 0.054 0.668
53 1.024 0.003 1.171
179 0.949 0.051 0.667
53 1.055 0.003 1.172
179 0.969 0.046 0.667
53 1.083 0.002 1.174
179 0.983 0.044 0.667
53 1.109 0.002 1.175
179 0.990 0.043 0.668
53 1.134 0.001 1.176
179 1.000 0.042 0.670
53 1.136 0.010 1.176
179 1.017 0.038 0.670
53 1.115 0.021 1.175
179 1.020 0.039 0.670
53 1.085 0.031 1.173
179 1.003 0.049 0.670
53 1.050 0.039 1.172
179 0.973 0.062 0.669
53 1.016 0.044 1.171
179 0.949 0.074 0.669
53 0.988 0.044 1.170
179 0.942 0.079 0.668
53 0.964 0.041 1.170
179 0.943 0.079 0.667
53 0.956 0.046 1.169
179 0.940 0.076 0.666
53 0.985 0.050 1.169
179 0.935 0.073 0.665
53 1.020 0.050 1.171
179 0.945 0.069 0.664
53 1.051 0.050 1.172
179 0.965 0.064 0.664
53 1.079 0.049 1.173
179 0.979 0.063 0.665
53 1.106 0.048 1.174
179 0.988 0.066 0.666
53 1.131 0.048 1.176
179 0.998 0.069 0.667
53 1.133 0.057 1.176
179 1.016 0.069 0.668
53 1.113 0.069 1.175
179 1.022 0.072 0.668
53 1.083 0.079 1.173
179 1.007 0.083 0.667
53 1.049 0.088 1.171
179 0.979 0.095 0.667
53 1.015 0.095 1.170
179 0.955 0.104 0.666
53 0.986 0.096 1.169
179 0.945 0.106 0.665
53 0.962 0.092 1.169
179 0.944 0.102 0.664
53 0.955 0.095 1.168
179 0.941 0.096 0.663
53 0.982 0.097 1.169
179 0.935 0.090 0.663
53 1.017 0.095 1.170
179 0.944 0.084 0.662
53 1.048 0.094 1.171
179 0.963 0.080 0.662
53 1.076 0.092 1.172
179 0.977 0.082 0.663
53 1.103 0.092 1.174
179 0.987 0.087 0.664
53 1.128 0.092 1.175
179 0.998 0.094 0.665
53 1.132 0.102 1.175
179 1.016 0.098 0.666
53 1.112 0.113 1.174
179 1.025 0.103 0.665
53 1.083 0.123 1.172
179 1.013 0.113 0.665
53 1.049 0.133 1.170
179 0.988 0.124 0.664
53 1.014 0.140 1.169
179 0.963 0.130 0.663
53 0.983 0.142 1.168
179 0.950 0.129 0.663
53 0.959 0.138 1.168
179 0.945 0.122 0.662
53 0.952 0.140 1.167
179 0.941 0.113 0.661
53 0.980 0.141 1.167
179 0.936 0.105 0.661
53 1.016 0.138 1.169
179 0.946 0.098 0.661
53 1.046 0.135 1.170
179 0.964 0.097 0.661
53 1.075 0.134 1.171
179 0.978 0.101 0.661
53 1.102 0.133 1.172
179 0.988 0.109 0.662
53 1.128 0.135 1.174
179 1.001 0.119 0.663
53 1.133 0.145 1.174
179 1.020 0.125 0.664
53 1.115 0.155 1.173
179 1.031 0.131 0.663
53 1.086 0.164 1.171
179 1.023 0.140 0.662
53 1.052 0.173 1.169
179 1.000 0.150 0.661
53 1.016 0.181 1.167
179 0.975 0.154 0.660
53 0.983 0.185 1.166
179 0.957 0.151 0.660
53 0.957 0.182 1.165
179 0.948 0.143 0.659
53 0.951 0.182 1.165
179 0.941 0.131 0.659
53 0.979 0.182 1.166
179 0.938 0.121 0.659
53 1.015 0.178 1.167
179 0.949 0.116 0.659
53 1.047 0.174 1.169
179 0.968 0.116 0.659
53 1.076 0.173 1.170
179 0.983 0.123 0.660
53 1.102 0.174 1.171
179 0.994 0.133 0.661
53 1.128 0.176 1.173
179 1.006 0.144 0.662
53 1.134 0.186 1.174
179 1.024 0.151 0.662
53 1.117 0.195 1.172
179 1.037 0.157 0.661
53 1.090 0.203 1.170
179 1.033 0.165 0.659
53 1.057 0.210 1.168
179 1.013 0.172 0.658
53 1.021 0.217 1.166
179 0.990 0.174 0.657
53 0.986 0.222 1.164
179 0.969 0.170 0.657
53 0.956 0.220 1.163
179 0.955 0.162 0.656
53 0.949 0.223 1.163
179 0.944 0.149 0.657
53 0.979 0.223 1.164
179 0.940 0.139 0.658
53 1.016 0.218 1.166
179 0.954 0.136 0.658
53 1.050 0.214 1.168
179 0.975 0.139 0.658
53 1.079 0.212 1.169
179 0.992 0.147 0.658
53 1.106 0.213 1.170
179 1.004 0.159 0.659
53 1.130 0.217 1.172
179 1.016 0.170 0.660
53 1.138 0.227 1.173
179 1.032 0.177 0.660
53 1.122 0.235 1.171
179 1.046 0.182 0.659
53 1.097 0.240 1.169
179 1.044 0.188 0.657
53 1.066 0.245 1.167
179 1.029 0.193 0.656
53 1.031 0.250 1.165
179 1.007 0.194 0.655
53 0.995 0.255 1.163
179 0.985 0.189 0.654
53 0.962 0.255 1.161
179 0.967 0.181 0.654
53 0.951 0.261 1.161
179 0.952 0.169 0.655
53 0.978 0.264 1.163
179 0.945 0.160 0.657
53 1.018 0.259 1.165
179 0.959 0.160 0.657
53 1.054 0.254 1.167
179 0.983 0.164 0.657
53 1.085 0.251 1.168
179 1.005 0.173 0.657
53 1.113 0.252 1.170
179 1.020 0.185 0.658
53 1.136 0.256 1.171
179 1.032 0.196 0.658
53 1.145 0.266 1.172
179 1.046 0.202 0.658
53 1.131 0.273 1.171
179 1.059 0.206 0.657
53 1.107 0.276 1.169
179 1.059 0.210 0.656
53 1.078 0.280 1.167
179 1.047 0.213 0.654
53 1.046 0.283 1.165
179 1.028 0.213 0.653
53 1.011 0.287 1.163
179 1.006 0.209 0.652
53 0.976 0.287 1.161
179 0.987 0.201 0.652
53 0.960 0.296 1.161
179 0.968 0.190 0.653
53 0.957 0.300 1.131
179 0.956 0.182 0.637
53 0.975 0.303 1.132
179 0.946 0.180 0.638
53 1.007 0.303 1.134
179 0.948 0.182 0.639
53 1.039 0.301 1.136
179 0.965 0.189 0.640
53 1.069 0.301 1.137
179 0.982 0.198 0.640
53 1.096 0.303 1.139
179 0.994 0.208 0.641
53 1.119 0.306 1.140
179 1.004 0.218 0.641
53 1.124 0.298 1.139
179 1.016 0.227 0.640
53 1.108 0.291 1.137
179 1.021 0.227 0.638
53 1.079 0.292 1.135
179 1.011 0.224 0.636
53 1.044 0.297 1.133
179 0.988 0.219 0.635
53 1.005 0.303 1.131
179 0.961 0.211 0.634
53 0.969 0.304 1.129
179 0.940 0.200 0.634
53 0.940 0.297 1.129
179 0.928 0.189 0.634
53 0.937 0.281 1.128
179 0.920 0.180 0.635
53 0.969 0.268 1.130
179 0.918 0.170 0.635
53 1.007 0.262 1.132
179 0.932 0.165 0.635
53 1.036 0.261 1.134
179 0.947 0.169 0.636
53 1.062 0.265 1.135
179 0.955 0.180 0.636
53 1.086 0.270 1.136
179 0.964 0.194 0.637
53 1.113 0.273 1.138
179 0.980 0.207 0.638
53 1.122 0.265 1.138
179 1.002 0.218 0.637
53 1.108 0.260 1.136
179 1.011 0.222 0.635
53 1.080 0.263 1.133
179 1.002 0.224 0.632
53 1.045 0.272 1.131
179 0.979 0.222 0.631
53 1.007 0.281 1.129
179 0.953 0.215 0.630
53 0.973 0.282 1.127
179 0.934 0.205 0.630
53 0.944 0.275 1.127
179 0.923 0.193 0.630
53 0.940 0.256 1.127
179 0.914 0.184 0.631
53 0.969 0.239 1.128
179 0.911 0.172 0.631
53 1.004 0.230 1.130
179 0.923 0.162 0.631
53 1.034 0.229 1.132
179 0.936 0.163 0.632
53 1.060 0.232 1.133
179 0.944 0.173 0.633
53 1.086 0.237 1.135
179 0.954 0.187 0.633
53 1.114 0.240 1.137
179 0.973 0.200 0.634
53 1.125 0.234 1.137
179 0.996 0.213 0.634
53 1.111 0.231 1.135
179 1.007 0.220 0.632
53 1.084 0.237 1.132
179 0.999 0.224 0.630
53 1.050 0.247 1.130
179 0.977 0.225 0.629
53 1.015 0.255 1.128
179 0.953 0.220 0.628
53 0.983 0.255 1.127
179 0.937 0.211 0.628
53 0.954 0.249 1.127
179 0.927 0.200 0.627
53 0.949 0.229 1.127
179 0.917 0.192 0.628
53 0.972 0.208 1.128
179 0.912 0.181 0.629
53 1.004 0.198 1.130
179 0.922 0.167 0.629
53 1.033 0.196 1.132
179 0.933 0.164 0.629
53 1.060 0.199 1.133
179 0.940 0.171 0.630
53 1.086 0.204 1.135
179 0.951 0.183 0.631
53 1.115 0.208 1.137
179 0.970 0.196 0.633
53 1.127 0.201 1.137
179 0.995 0.208 0.632
53 1.113 0.200 1.136
179 1.008 0.217 0.631
53 1.086 0.207 1.133
179 1.001 0.224 0.629
53 1.053 0.217 1.131
179 0.980 0.228 0.629
53 1.021 0.224 1.130
179 0.958 0.225 0.628
53 0.991 0.222 1.130
179 0.944 0.217 0.628
53 0.963 0.216 1.130
179 0.935 0.207 0.627
53 0.956 0.195 1.130
179 0.924 0.201 0.628
53 0.976 0.173 1.130
179 0.919 0.190 0.628
53 1.005 0.162 1.131
179 0.927 0.175 0.628
53 1.034 0.160 1.133
179 0.937 0.168 0.629
53 1.061 0.163 1.134
179 0.943 0.172 0.630
53 1.087 0.168 1.136
179 0.954 0.182 0.631
53 1.116 0.171 1.138
179 0.972 0.192 0.632
53 1.129 0.165 1.139
179 0.997 0.202 0.633
53 1.115 0.165 1.137
179 1.012 0.210 0.632
53 1.088 0.172 1.135
179 1.005 0.220 0.631
53 1.056 0.182 1.134
179 0.984 0.228 0.630
53 1.025 0.186 1.133
179 0.966 0.227 0.630
53 0.996 0.182 1.133
179 0.954 0.219 0.630
53 0.968 0.177 1.133
179 0.945 0.210 0.629
53 0.960 0.155 1.133
179 0.933 0.206 0.630
53 0.978 0.133 1.133
179 0.928 0.194 0.630
53 1.007 0.123 1.133
179 0.935 0.177 0.630
53 1.035 0.121 1.134
179 0.943 0.167 0.631
53 1.062 0.124 1.135
179 0.948 0.168 0.631
53 1.088 0.128 1.137
179 0.958 0.175 0.633
53 1.117 0.131 1.139
179 0.977 0.182 0.634
53 1.132 0.125 1.140
179 1.001 0.190 0.635
53 1.117 0.126 1.139
179 1.017 0.197 0.634
53 1.090 0.135 1.138
179 1.009 0.210 0.634
53 1.059 0.142 1.136
179 0.989 0.222 0.634
53 1.028 0.144 1.136
179 0.973 0.223 0.634
53 0.999 0.139 1.136
179 0.963 0.214 0.634
53 0.971 0.134 1.136
179 0.953 0.205 0.634
53 0.963 0.112 1.136
179 0.940 0.203 0.634
53 0.981 0.091 1.135
179 0.936 0.188 0.634
53 1.009 0.082 1.135
179 0.942 0.167 0.634
53 1.038 0.081 1.136
179 0.948 0.155 0.634
53 1.064 0.084 1.137
179 0.952 0.155 0.635
53 1.090 0.087 1.139
179 0.963 0.159 0.636
53 1.119 0.088 1.141
179 0.981 0.164 0.638
53 1.134 0.082 1.142
179 1.005 0.170 0.638
53 1.119 0.084 1.141
179 1.020 0.176 0.638
53 1.092 0.092 1.140
179 1.012 0.191 0.638
53 1.061 0.098 1.139
179 0.991 0.206 0.639
53 1.030 0.099 1.138
179 0.977 0.208 0.639
53 1.001 0.093 1.138
179 0.968 0.200 0.639
53 0.972 0.089 1.139
179 0.958 0.191 0.639
53 0.966 0.067 1.138
179 0.944 0.189 0.639
53 0.983 0.048 1.137
179 0.940 0.170 0.639
53 1.011 0.040 1.137
179 0.946 0.146 0.639
53 1.040 0.039 1.138
179 0.951 0.134 0.638
53 1.066 0.041 1.139
179 0.956 0.134 0.639
53 1.092 0.044 1.140
179 0.967 0.138 0.640
53 1.121 0.045 1.142
179 0.985 0.140 0.641
53 1.136 0.037 1.144
179 1.008 0.144 0.642
53 1.121 0.040 1.143
179 1.024 0.147 0.642
53 1.094 0.047 1.142
179 1.014 0.163 0.643
53 1.063 0.052 1.141
179 0.993 0.181 0.643
53 1.031 0.052 1.140
179 0.977 0.184 0.644
53 1.002 0.046 1.140
179 0.968 0.176 0.644
53 0.973 0.043 1.140
179 0.958 0.168 0.644
53 0.967 0.020 1.140
179 0.945 0.165 0.644
53 0.985 0.003 1.139
179 0.941 0.144 0.644
53 1.013 -0.004 1.139
179 0.948 0.119 0.643
53 1.042 -0.005 1.139
179 0.954 0.108 0.642
53 1.068 -0.002 1.140
179 0.960 0.108 0.643
53 1.094 -0.000 1.141
179 0.971 0.112 0.644
53 1.122 0.001 1.143
179 0.990 0.113 0.645
53 1.139 -0.007 1.145
179 1.012 0.115 0.646
53 1.124 -0.005 1.144
179 1.027 0.115 0.646
53 1.097 0.001 1.143
179 1.017 0.130 0.647
53 1.066 0.004 1.143
179 0.994 0.149 0.647
53 1.032 0.004 1.142
179 0.976 0.154 0.648
53 1.002 -0.001 1.142
179 0.966 0.147 0.649
53 0.974 -0.005 1.142
179 0.956 0.139 0.648
53 0.968 -0.028 1.141
179 0.943 0.136 0.649
53 0.986 -0.043 1.140
179 0.941 0.112 0.648
53 1.014 -0.050 1.140
179 0.948 0.088 0.647
53 1.043 -0.050 1.140
179 0.956 0.078 0.646
53 1.069 -0.047 1.141
179 0.963 0.079 0.646
53 1.096 -0.045 1.143
179 0.975 0.083 0.647
53 1.124 -0.043 1.145
179 0.994 0.084 0.649
53 1.140 -0.053 1.147
179 1.015 0.083 0.650
53 1.127 -0.051 1.146
179 1.031 0.081 0.650
53 1.100 -0.047 1.145
179 1.020 0.094 0.650
53 1.068 -0.044 1.144
179 0.996 0.112 0.651
53 1.033 -0.045 1.143
179 0.975 0.119 0.652
53 1.001 -0.049 1.143
179 0.963 0.114 0.652
53 0.973 -0.052 1.143
179 0.953 0.106 0.652
53 0.968 -0.076 1.142
179 0.941 0.102 0.652
53 0.986 -0.091 1.141
179 0.940 0.076 0.652
53 1.014 -0.096 1.141
179 0.948 0.054 0.651
53 1.043 -0.096 1.142
179 0.958 0.045 0.650
53 1.070 -0.093 1.143
179 0.967 0.046 0.650
53 1.097 -0.091 1.144
179 0.979 0.051 0.651
53 1.125 -0.089 1.146
179 0.997 0.051 0.652
53 1.142 -0.099 1.148
179 1.018 0.050 0.653
53 1.128 -0.098 1.147
179 1.034 0.044 0.653
53 1.102 -0.095 1.147
179 1.024 0.056 0.654
53 1.070 -0.093 1.145
179 0.998 0.072 0.654
53 1.034 -0.094 1.144
179 0.974 0.080 0.655
53 1.000 -0.098 1.143
179 0.960 0.078 0.656
53 0.972 -0.100 1.143
179 0.949 0.071 0.656
53 0.968 -0.125 1.143
179 0.939 0.065 0.656
53 0.968 -0.133 1.114
179 0.938 0.041 0.638
53 0.980 -0.138 1.112
179 0.931 0.039 0.638
53 1.005 -0.138 1.113
179 0.927 0.038 0.637
53 1.034 -0.137 1.114
179 0.940 0.033 0.637
53 1.065 -0.136 1.116
179 0.957 0.029 0.637
53 1.092 -0.134 1.117
179 0.969 0.028 0.638
53 1.117 -0.132 1.119
179 0.979 0.027 0.639
53 1.116 -0.110 1.118
179 0.989 0.025 0.639
53 1.101 -0.095 1.117
179 0.975 0.047 0.638
53 1.071 -0.091 1.116
179 0.957 0.073 0.638
53 1.037 -0.094 1.115
179 0.948 0.084 0.639
53 1.008 -0.097 1.114
179 0.941 0.084 0.639
53 0.981 -0.097 1.114
179 0.929 0.082 0.639
53 0.953 -0.096 1.113
179 0.916 0.083 0.639
53 0.934 -0.085 1.112
179 0.904 0.085 0.639
53 0.963 -0.089 1.112
179 0.900 0.088 0.638
53 1.002 -0.089 1.113
179 0.920 0.074 0.637
53 1.032 -0.088 1.114
179 0.939 0.071 0.636
53 1.057 -0.085 1.116
179 0.945 0.077 0.637
53 1.082 -0.084 1.117
179 0.954 0.078 0.638
53 1.109 -0.084 1.119
179 0.970 0.071 0.639
53 1.110 -0.064 1.118
179 0.983 0.064 0.639
53 1.092 -0.046 1.117
179 0.967 0.087 0.638
53 1.061 -0.041 1.116
179 0.947 0.116 0.638
53 1.029 -0.045 1.116
179 0.943 0.125 0.639
53 1.002 -0.048 1.115
179 0.940 0.122 0.639
53 0.974 -0.047 1.114
179 0.928 0.121 0.638
53 0.945 -0.046 1.114
179 0.914 0.123 0.638
53 0.929 -0.036 1.113
179 0.905 0.122 0.637
53 0.959 -0.039 1.113
179 0.902 0.122 0.636
53 0.997 -0.039 1.114
179 0.921 0.110 0.635
53 1.026 -0.038 1.115
179 0.938 0.109 0.634
53 1.052 -0.035 1.116
179 0.944 0.117 0.635
53 1.079 -0.033 1.117
179 0.954 0.118 0.636
53 1.108 -0.034 1.119
179 0.971 0.111 0.637
53 1.107 -0.013 1.119
179 0.984 0.106 0.636
53 1.088 0.006 1.118
179 0.969 0.131 0.636
53 1.058 0.011 1.117
179 0.951 0.158 0.636
53 1.029 0.008 1.116
179 0.949 0.164 0.636
53 1.001 0.004 1.116
179 0.946 0.160 0.636
53 0.972 0.005 1.115
179 0.933 0.160 0.636
53 0.942 0.007 1.115
179 0.919 0.160 0.635
53 0.927 0.016 1.114
179 0.910 0.156 0.635
53 0.958 0.012 1.114
179 0.907 0.155 0.633
53 0.995 0.012 1.114
179 0.925 0.145 0.631
53 1.024 0.014 1.115
179 0.940 0.145 0.631
53 1.051 0.017 1.116
179 0.946 0.154 0.631
53 1.079 0.019 1.118
179 0.959 0.155 0.632
53 1.108 0.018 1.120
179 0.976 0.151 0.633
53 1.107 0.041 1.119
179 0.989 0.147 0.633
53 1.088 0.061 1.119
179 0.976 0.172 0.633
53 1.061 0.066 1.118
179 0.960 0.197 0.632
53 1.032 0.063 1.117
179 0.959 0.199 0.632
53 1.003 0.059 1.116
179 0.955 0.195 0.632
53 0.972 0.059 1.116
179 0.941 0.194 0.632
53 0.943 0.061 1.116
179 0.927 0.193 0.631
53 0.928 0.070 1.114
179 0.918 0.188 0.630
53 0.959 0.065 1.114
179 0.914 0.186 0.629
53 0.995 0.064 1.114
179 0.930 0.176 0.627
53 1.024 0.067 1.115
179 0.944 0.177 0.627
53 1.052 0.070 1.116
179 0.951 0.186 0.627
53 1.081 0.072 1.118
179 0.964 0.190 0.628
53 1.110 0.071 1.120
179 0.982 0.187 0.629
53 1.109 0.095 1.119
179 0.996 0.185 0.629
53 1.090 0.116 1.119
179 0.985 0.209 0.628
53 1.064 0.121 1.118
179 0.971 0.231 0.628
53 1.035 0.117 1.117
179 0.970 0.231 0.628
53 1.005 0.113 1.116
179 0.965 0.225 0.627
53 0.974 0.114 1.116
179 0.950 0.224 0.627
53 0.944 0.114 1.116
179 0.936 0.222 0.626
53 0.929 0.123 1.114
179 0.926 0.216 0.626
53 0.960 0.118 1.114
179 0.921 0.214 0.624
53 0.995 0.117 1.114
179 0.935 0.204 0.622
53 1.025 0.120 1.115
179 0.948 0.205 0.622
53 1.054 0.123 1.116
179 0.955 0.215 0.622
53 1.082 0.125 1.118
179 0.969 0.220 0.623
53 1.112 0.124 1.120
179 0.987 0.220 0.624
53 1.111 0.147 1.119
179 1.004 0.219 0.624
53 1.093 0.169 1.118
179 0.995 0.240 0.623
53 1.067 0.174 1.118
179 0.982 0.260 0.623
53 1.038 0.170 1.117
179 0.979 0.258 0.622
53 1.008 0.166 1.116
179 0.973 0.251 0.622
53 0.976 0.166 1.115
179 0.958 0.248 0.621
53 0.946 0.167 1.115
179 0.943 0.246 0.621
53 0.931 0.175 1.113
179 0.932 0.241 0.620
53 0.961 0.170 1.113
179 0.927 0.238 0.619
53 0.996 0.169 1.113
179 0.940 0.229 0.617
53 1.026 0.172 1.114
179 0.953 0.229 0.617
53 1.055 0.174 1.115
179 0.960 0.239 0.617
53 1.083 0.175 1.117
179 0.973 0.246 0.618
53 1.112 0.174 1.119
179 0.992 0.248 0.618
53 1.112 0.196 1.118
179 1.010 0.247 0.618
53 1.094 0.219 1.117
179 1.005 0.265 0.618
53 1.069 0.225 1.116
179 0.991 0.284 0.617
53 1.039 0.221 1.115
179 0.987 0.282 0.617
53 1.009 0.216 1.114
179 0.980 0.273 0.616
53 0.978 0.216 1.113
179 0.966 0.268 0.615
53 0.947 0.217 1.113
179 0.949 0.266 0.615
53 0.932 0.226 1.111
179 0.937 0.262 0.614
53 0.961 0.220 1.111
179 0.931 0.258 0.613
53 0.996 0.218 1.111
179 0.943 0.249 0.612
53 1.026 0.220 1.112
179 0.956 0.249 0.612
53 1.054 0.223 1.114
179 0.964 0.260 0.612
53 1.082 0.224 1.115
179 0.977 0.269 0.613
53 1.112 0.221 1.117
179 0.996 0.271 0.613
53 1.112 0.241 1.117
179 1.015 0.271 0.613
53 1.094 0.264 1.115
179 1.013 0.286 0.612
53 1.068 0.272 1.114
179 1.000 0.304 0.612
53 1.038 0.270 1.113
179 0.993 0.303 0.611
53 1.008 0.264 1.112
179 0.986 0.293 0.610
53 0.978 0.262 1.111
179 0.972 0.286 0.609
53 0.947 0.264 1.110
179 0.955 0.283 0.609
53 0.932 0.272 1.108
179 0.941 0.279 0.608
53 0.960 0.268 1.108
179 0.934 0.275 0.608
53 0.995 0.264 1.109
179 0.945 0.266 0.607
53 1.025 0.265 1.110
179 0.959 0.265 0.607
53 1.052 0.267 1.111
179 0.967 0.277 0.607
53 1.080 0.268 1.113
179 0.979 0.287 0.608
53 1.110 0.266 1.115
179 0.998 0.291 0.609
53 1.112 0.283 1.115
179 1.019 0.291 0.608
53 1.093 0.305 1.113
179 1.021 0.303 0.607
53 1.066 0.315 1.111
179 1.008 0.319 0.606
53 1.036 0.315 1.110
179 0.998 0.320 0.606
53 1.007 0.309 1.109
179 0.989 0.310 0.605
53 0.977 0.305 1.107
179 0.976 0.301 0.604
53 0.947 0.306 1.106
179 0.960 0.297 0.603
53 0.930 0.314 1.104
179 0.945 0.293 0.602
53 0.957 0.312 1.104
179 0.935 0.289 0.603
53 0.992 0.306 1.106
179 0.946 0.281 0.602
53 1.022 0.305 1.107
179 0.961 0.280 0.602
53 1.050 0.307 1.108
179 0.971 0.292 0.603
53 1.077 0.309 1.110
179 0.983 0.303 0.603
53 1.107 0.308 1.112
179 1.000 0.308 0.604
53 1.110 0.321 1.112
179 1.021 0.308 0.604
53 1.092 0.340 1.110
179 1.026 0.317 0.602
53 1.064 0.351 1.108
179 1.015 0.331 0.601
53 1.033 0.355 1.106
179 1.003 0.333 0.600
53 1.004 0.350 1.105
179 0.992 0.325 0.599
53 0.975 0.344 1.103
179 0.979 0.315 0.598
53 0.945 0.343 1.102
179 0.964 0.309 0.597
53 0.928 0.351 1.100
179 0.949 0.305 0.597
53 0.952 0.351 1.101
179 0.938 0.301 0.598
53 0.987 0.345 1.102
179 0.946 0.294 0.598
53 1.019 0.342 1.104
179 0.963 0.294 0.598
53 1.047 0.342 1.105
179 0.975 0.305 0.599
53 1.074 0.345 1.107
179 0.987 0.316 0.600
53 1.103 0.345 1.109
179 1.002 0.322 0.600
53 1.108 0.356 1.110
179 1.022 0.323 0.600
53 1.090 0.371 1.107
179 1.030 0.329 0.598
53 1.061 0.382 1.105
179 1.022 0.340 0.597
53 1.030 0.388 1.103
179 1.008 0.343 0.596
53 1.000 0.386 1.101
179 0.994 0.337 0.595
53 0.972 0.380 1.100
179 0.981 0.327 0.594
53 0.943 0.376 1.098
179 0.967 0.320 0.593
53 0.928 0.382 1.097
179 0.953 0.314 0.593
53 0.923 0.392 1.066
179 0.942 0.312 0.576
53 0.943 0.393 1.067
179 0.931 0.315 0.577
53 0.975 0.389 1.070
179 0.936 0.312 0.578
53 1.006 0.386 1.072
179 0.950 0.312 0.579
53 1.033 0.386 1.074
179 0.959 0.322 0.580
53 1.060 0.389 1.076
179 0.968 0.331 0.581
53 1.088 0.387 1.079
179 0.981 0.337 0.582
53 1.101 0.376 1.079
179 0.998 0.343 0.580
53 1.082 0.375 1.076
179 1.007 0.345 0.578
53 1.050 0.386 1.073
179 0.996 0.349 0.576
53 1.017 0.395 1.071
179 0.975 0.351 0.575
53 0.987 0.395 1.070
179 0.959 0.344 0.575
53 0.958 0.389 1.069
179 0.947 0.334 0.574
53 0.928 0.386 1.067
179 0.936 0.328 0.573
53 0.924 0.367 1.067
179 0.923 0.327 0.573
53 0.947 0.348 1.068
179 0.922 0.316 0.573
53 0.977 0.343 1.070
179 0.929 0.306 0.574
53 1.006 0.347 1.072
179 0.933 0.312 0.574
53 1.034 0.353 1.074
179 0.942 0.323 0.575
53 1.065 0.353 1.076
179 0.960 0.332 0.576
53 1.095 0.350 1.079
179 0.980 0.339 0.577
53 1.108 0.341 1.079
179 0.997 0.347 0.576
53 1.089 0.343 1.076
179 1.006 0.349 0.574
53 1.057 0.352 1.074
179 0.996 0.354 0.573
53 1.026 0.357 1.072
179 0.976 0.355 0.573
53 0.995 0.355 1.071
179 0.961 0.346 0.572
53 0.965 0.352 1.070
179 0.949 0.338 0.571
53 0.935 0.351 1.069
179 0.938 0.334 0.570
53 0.932 0.329 1.069
179 0.927 0.335 0.571
53 0.953 0.309 1.069
179 0.928 0.323 0.571
53 0.982 0.304 1.071
179 0.934 0.313 0.572
53 1.011 0.310 1.072
179 0.937 0.318 0.572
53 1.041 0.316 1.074
179 0.946 0.327 0.573
53 1.072 0.316 1.076
179 0.964 0.334 0.574
53 1.102 0.314 1.079
179 0.984 0.339 0.575
53 1.115 0.304 1.079
179 1.002 0.347 0.575
53 1.096 0.306 1.077
179 1.013 0.349 0.573
53 1.066 0.314 1.075
179 1.003 0.355 0.573
53 1.034 0.318 1.074
179 0.985 0.357 0.573
53 1.004 0.316 1.073
179 0.971 0.348 0.572
53 0.973 0.312 1.072
179 0.958 0.340 0.572
53 0.942 0.313 1.071
179 0.946 0.338 0.571
53 0.940 0.289 1.072
179 0.936 0.339 0.572
53 0.959 0.268 1.071
179 0.938 0.325 0.572
53 0.987 0.265 1.072
179 0.941 0.315 0.573
53 1.016 0.270 1.073
179 0.942 0.320 0.573
53 1.047 0.275 1.075
179 0.952 0.326 0.574
53 1.079 0.276 1.078
179 0.971 0.330 0.575
53 1.108 0.275 1.080
179 0.991 0.336 0.576
53 1.123 0.264 1.081
179 1.009 0.342 0.576
53 1.104 0.267 1.079
179 1.022 0.342 0.575
53 1.074 0.274 1.078
179 1.013 0.351 0.575
53 1.043 0.277 1.076
179 0.995 0.355 0.575
53 1.012 0.274 1.075
179 0.980 0.345 0.575
53 0.981 0.271 1.075
179 0.967 0.337 0.575
53 0.950 0.272 1.074
179 0.954 0.335 0.575
53 0.947 0.245 1.075
179 0.944 0.336 0.576
53 0.966 0.226 1.074
179 0.945 0.318 0.576
53 0.993 0.223 1.074
179 0.945 0.307 0.576
53 1.021 0.229 1.075
179 0.946 0.312 0.577
53 1.052 0.233 1.077
179 0.957 0.317 0.577
53 1.084 0.233 1.079
179 0.977 0.321 0.578
53 1.113 0.234 1.081
179 0.997 0.325 0.580
53 1.129 0.222 1.083
179 1.015 0.331 0.580
53 1.111 0.225 1.082
179 1.030 0.329 0.580
53 1.082 0.231 1.080
179 1.021 0.340 0.580
53 1.050 0.233 1.079
179 1.002 0.345 0.580
53 1.018 0.229 1.078
179 0.988 0.336 0.581
53 0.987 0.226 1.078
179 0.973 0.327 0.581
53 0.955 0.227 1.078
179 0.958 0.325 0.581
53 0.952 0.200 1.078
179 0.948 0.325 0.582
53 0.971 0.182 1.077
179 0.949 0.302 0.582
53 0.998 0.180 1.077
179 0.947 0.291 0.582
53 1.026 0.186 1.077
179 0.948 0.297 0.582
53 1.056 0.189 1.079
179 0.961 0.301 0.583
53 1.088 0.189 1.081
179 0.982 0.304 0.584
53 1.117 0.190 1.083
179 1.001 0.308 0.585
53 1.133 0.178 1.085
179 1.019 0.313 0.586
53 1.116 0.180 1.084
179 1.035 0.309 0.586
53 1.087 0.185 1.083
179 1.025 0.322 0.586
53 1.054 0.187 1.082
179 1.007 0.328 0.587
53 1.022 0.182 1.081
179 0.991 0.318 0.588
53 0.990 0.179 1.081
179 0.975 0.310 0.588
53 0.959 0.180 1.081
179 0.960 0.308 0.588
53 0.956 0.153 1.081
179 0.950 0.306 0.589
53 0.975 0.137 1.080
179 0.949 0.279 0.589
53 1.002 0.135 1.079
179 0.947 0.269 0.588
53 1.029 0.140 1.080
179 0.949 0.275 0.588
53 1.059 0.143 1.081
179 0.964 0.280 0.589
53 1.091 0.143 1.083
179 0.985 0.281 0.590
53 1.120 0.145 1.085
179 1.004 0.285 0.591
53 1.136 0.132 1.087
179 1.022 0.288 0.592
53 1.118 0.134 1.087
179 1.038 0.282 0.593
53 1.089 0.137 1.086
179 1.027 0.297 0.593
53 1.055 0.139 1.084
179 1.007 0.304 0.594
53 1.023 0.134 1.084
179 0.991 0.295 0.595
53 0.992 0.130 1.083
179 0.974 0.286 0.595
53 0.962 0.131 1.084
179 0.958 0.285 0.596
53 0.958 0.104 1.084
179 0.948 0.282 0.596
53 0.977 0.090 1.082
179 0.948 0.252 0.596
53 1.004 0.089 1.082
179 0.947 0.242 0.595
53 1.031 0.094 1.082
179 0.950 0.249 0.595
53 1.061 0.096 1.084
179 0.966 0.254 0.596
53 1.092 0.097 1.086
179 0.988 0.255 0.597
53 1.121 0.099 1.088
179 1.006 0.256 0.598
53 1.137 0.084 1.090
179 1.023 0.259 0.599
53 1.119 0.086 1.089
179 1.039 0.251 0.600
53 1.089 0.088 1.088
179 1.026 0.266 0.601
53 1.055 0.090 1.087
179 1.004 0.275 0.602
53 1.023 0.084 1.086
179 0.988 0.265 0.603
53 0.992 0.081 1.086
179 0.970 0.257 0.603
53 0.962 0.082 1.086
179 0.955 0.256 0.603
53 0.958 0.055 1.086
179 0.945 0.253 0.604
53 0.978 0.042 1.085
179 0.946 0.221 0.603
53 1.006 0.041 1.084
179 0.946 0.211 0.602
53 1.033 0.047 1.085
179 0.950 0.219 0.602
53 1.062 0.049 1.086
179 0.967 0.224 0.602
53 1.093 0.050 1.088
179 0.989 0.224 0.603
53 1.122 0.052 1.090
179 1.006 0.225 0.605
53 1.137 0.037 1.092
179 1.024 0.225 0.606
53 1.118 0.037 1.091
179 1.038 0.216 0.607
53 1.088 0.039 1.090
179 1.023 0.232 0.608
53 1.053 0.040 1.089
179 1.000 0.241 0.609
53 1.021 0.035 1.089
179 0.982 0.232 0.610
53 0.991 0.031 1.088
179 0.965 0.223 0.610
53 0.962 0.032 1.088
179 0.950 0.223 0.610
53 0.958 0.006 1.088
179 0.940 0.219 0.611
53 0.978 -0.006 1.087
179 0.943 0.187 0.610
53 1.007 -0.007 1.087
179 0.945 0.178 0.609
53 1.034 -0.001 1.087
179 0.950 0.186 0.608
53 1.063 0.001 1.089
179 0.968 0.192 0.609
53 1.094 0.002 1.090
179 0.990 0.191 0.610
53 1.123 0.004 1.092
179 1.007 0.190 0.611
53 1.137 -0.012 1.095
179 1.023 0.189 0.613
53 1.118 -0.012 1.094
179 1.036 0.179 0.614
53 1.086 -0.011 1.093
179 1.020 0.194 0.615
53 1.052 -0.010 1.092
179 0.995 0.203 0.616
53 1.019 -0.015 1.091
179 0.976 0.195 0.617
53 0.989 -0.019 1.090
179 0.959 0.187 0.617
53 0.962 -0.019 1.090
179 0.945 0.187 0.617
53 0.958 -0.044 1.090
179 0.936 0.183 0.617
53 0.979 -0.054 1.089
179 0.940 0.152 0.616
53 1.009 -0.055 1.089
179 0.944 0.142 0.615
53 1.036 -0.050 1.090
179 0.950 0.150 0.615
53 1.064 -0.047 1.091
179 0.968 0.156 0.616
53 1.095 -0.046 1.093
179 0.990 0.155 0.617
53 1.124 -0.043 1.095
179 1.007 0.153 0.618
53 1.137 -0.060 1.098
179 1.023 0.151 0.619
53 1.117 -0.061 1.097
179 1.035 0.140 0.620
53 1.086 -0.060 1.095
179 1.017 0.155 0.621
53 1.051 -0.060 1.094
179 0.990 0.164 0.622
53 1.017 -0.064 1.093
179 0.971 0.157 0.623
53 0.988 -0.068 1.092
179 0.954 0.149 0.623
53 0.962 -0.068 1.092
179 0.940 0.149 0.623
53 0.959 -0.093 1.091
179 0.931 0.145 0.623
53 0.963 -0.097 1.063
179 0.936 0.118 0.605
