53 1.093 -0.210 1.261
129 1.087 -0.183 1.117
101 1.089 -0.133 0.877
179 1.098 -0.102 0.733
53 1.102 -0.225 1.258
129 1.089 -0.205 1.114
101 1.091 -0.164 0.875
179 1.104 -0.138 0.731
53 1.125 -0.236 1.256
129 1.108 -0.222 1.113
101 1.109 -0.185 0.873
179 1.124 -0.159 0.729
53 1.160 -0.243 1.256
129 1.144 -0.231 1.112
101 1.143 -0.193 0.871
179 1.154 -0.166 0.727
53 1.202 -0.242 1.256
129 1.189 -0.230 1.111
101 1.184 -0.191 0.869
179 1.189 -0.163 0.724
53 1.244 -0.233 1.257
129 1.235 -0.219 1.110
101 1.227 -0.183 0.867
179 1.224 -0.157 0.722
53 1.277 -0.213 1.257
129 1.277 -0.203 1.109
101 1.269 -0.173 0.865
179 1.261 -0.149 0.720
53 1.292 -0.194 1.260
129 1.309 -0.181 1.111
101 1.309 -0.154 0.865
179 1.298 -0.135 0.719
53 1.273 -0.188 1.263
129 1.306 -0.171 1.116
101 1.334 -0.137 0.868
179 1.329 -0.117 0.720
53 1.241 -0.186 1.263
129 1.275 -0.168 1.117
101 1.323 -0.132 0.872
179 1.335 -0.105 0.723
53 1.207 -0.184 1.262
129 1.240 -0.165 1.117
101 1.289 -0.130 0.874
179 1.310 -0.103 0.726
53 1.173 -0.182 1.261
129 1.203 -0.161 1.117
101 1.248 -0.126 0.874
179 1.269 -0.103 0.727
53 1.136 -0.181 1.260
129 1.163 -0.159 1.116
101 1.203 -0.125 0.874
179 1.223 -0.105 0.728
53 1.110 -0.173 1.255
129 1.125 -0.157 1.112
101 1.155 -0.130 0.872
179 1.174 -0.112 0.727
53 1.097 -0.166 1.252
129 1.096 -0.150 1.109
101 1.110 -0.128 0.870
179 1.127 -0.114 0.726
53 1.095 -0.167 1.250
129 1.076 -0.151 1.107
101 1.072 -0.125 0.868
179 1.085 -0.109 0.725
53 1.107 -0.172 1.250
129 1.075 -0.157 1.106
101 1.051 -0.121 0.867
179 1.060 -0.097 0.724
53 1.133 -0.173 1.251
129 1.099 -0.158 1.107
101 1.064 -0.116 0.867
179 1.065 -0.087 0.724
53 1.170 -0.165 1.252
129 1.139 -0.148 1.108
101 1.103 -0.111 0.867
179 1.096 -0.084 0.724
53 1.210 -0.155 1.254
129 1.184 -0.137 1.110
101 1.151 -0.106 0.868
179 1.141 -0.085 0.724
53 1.239 -0.139 1.255
129 1.225 -0.126 1.110
101 1.202 -0.103 0.868
179 1.191 -0.087 0.723
53 1.257 -0.128 1.257
129 1.260 -0.112 1.111
101 1.251 -0.096 0.868
179 1.241 -0.087 0.722
53 1.263 -0.126 1.260
129 1.283 -0.109 1.114
101 1.295 -0.090 0.869
179 1.289 -0.082 0.722
53 1.251 -0.133 1.263
129 1.287 -0.117 1.118
101 1.326 -0.091 0.872
179 1.329 -0.079 0.723
53 1.229 -0.143 1.263
129 1.269 -0.130 1.119
101 1.327 -0.103 0.875
179 1.346 -0.082 0.726
53 1.200 -0.150 1.262
129 1.240 -0.140 1.118
101 1.301 -0.114 0.876
179 1.326 -0.091 0.728
53 1.166 -0.152 1.260
129 1.204 -0.142 1.116
101 1.259 -0.118 0.875
179 1.283 -0.098 0.728
53 1.146 -0.146 1.256
129 1.173 -0.140 1.112
101 1.212 -0.122 0.872
179 1.232 -0.106 0.726
53 1.137 -0.138 1.253
129 1.149 -0.131 1.109
101 1.171 -0.120 0.870
179 1.185 -0.110 0.725
53 1.133 -0.132 1.250
129 1.129 -0.125 1.106
101 1.133 -0.116 0.867
179 1.142 -0.110 0.723
53 1.133 -0.129 1.248
129 1.113 -0.123 1.104
101 1.099 -0.113 0.865
179 1.104 -0.104 0.721
53 1.138 -0.130 1.247
129 1.106 -0.123 1.103
101 1.075 -0.107 0.864
179 1.078 -0.092 0.721
53 1.157 -0.130 1.248
129 1.118 -0.122 1.104
101 1.074 -0.098 0.865
179 1.071 -0.077 0.722
53 1.188 -0.125 1.250
129 1.150 -0.115 1.106
101 1.101 -0.087 0.866
179 1.091 -0.065 0.722
53 1.209 -0.109 1.251
129 1.182 -0.102 1.107
101 1.144 -0.081 0.866
179 1.131 -0.062 0.722
53 1.217 -0.093 1.252
129 1.205 -0.082 1.108
101 1.185 -0.067 0.866
179 1.175 -0.057 0.721
53 1.221 -0.081 1.253
129 1.224 -0.067 1.108
101 1.220 -0.054 0.866
179 1.215 -0.049 0.721
53 1.220 -0.075 1.255
129 1.237 -0.059 1.111
101 1.251 -0.044 0.868
179 1.251 -0.042 0.721
53 1.213 -0.075 1.258
129 1.243 -0.058 1.114
101 1.277 -0.039 0.870
179 1.283 -0.036 0.723
53 1.193 -0.081 1.259
129 1.232 -0.065 1.116
101 1.288 -0.043 0.873
179 1.306 -0.034 0.725
53 1.170 -0.088 1.258
129 1.211 -0.075 1.116
101 1.275 -0.054 0.875
179 1.305 -0.042 0.728
53 1.163 -0.086 1.255
129 1.199 -0.082 1.113
101 1.253 -0.068 0.873
179 1.280 -0.054 0.728
53 1.173 -0.085 1.254
129 1.198 -0.081 1.111
101 1.236 -0.072 0.871
179 1.255 -0.062 0.726
53 1.186 -0.084 1.253
129 1.201 -0.080 1.109
101 1.223 -0.072 0.869
179 1.232 -0.066 0.724
53 1.198 -0.083 1.251
129 1.204 -0.078 1.108
101 1.211 -0.072 0.867
179 1.213 -0.067 0.723
53 1.210 -0.082 1.250
129 1.207 -0.078 1.106
101 1.200 -0.072 0.866
179 1.197 -0.069 0.721
53 1.221 -0.082 1.249
129 1.209 -0.078 1.105
101 1.191 -0.074 0.864
179 1.184 -0.070 0.720
53 1.231 -0.082 1.248
129 1.212 -0.079 1.104
101 1.184 -0.075 0.864
179 1.174 -0.070 0.720
53 1.234 -0.077 1.248
129 1.214 -0.080 1.104
101 1.182 -0.078 0.863
179 1.170 -0.071 0.720
53 1.226 -0.073 1.248
129 1.213 -0.077 1.103
101 1.185 -0.077 0.863
179 1.172 -0.071 0.719
53 1.211 -0.071 1.248
129 1.205 -0.073 1.103
101 1.187 -0.073 0.862
179 1.177 -0.068 0.718
53 1.192 -0.068 1.248
129 1.193 -0.070 1.103
101 1.186 -0.069 0.862
179 1.182 -0.064 0.718
53 1.172 -0.066 1.249
129 1.180 -0.067 1.104
101 1.184 -0.065 0.862
179 1.184 -0.061 0.718
53 1.151 -0.064 1.249
129 1.165 -0.064 1.104
101 1.180 -0.061 0.863
179 1.185 -0.058 0.718
53 1.130 -0.063 1.248
129 1.150 -0.062 1.104
101 1.174 -0.059 0.863
179 1.184 -0.056 0.718
53 1.118 -0.057 1.247
129 1.135 -0.061 1.103
101 1.164 -0.061 0.864
179 1.178 -0.057 0.719
53 1.118 -0.052 1.246
129 1.126 -0.057 1.103
101 1.151 -0.060 0.865
179 1.168 -0.058 0.721
53 1.127 -0.050 1.245
129 1.125 -0.055 1.102
101 1.141 -0.059 0.865
179 1.157 -0.058 0.721
53 1.142 -0.047 1.245
129 1.131 -0.053 1.102
101 1.135 -0.059 0.864
179 1.147 -0.059 0.721
53 1.161 -0.046 1.245
129 1.142 -0.051 1.102
101 1.132 -0.059 0.864
179 1.139 -0.059 0.721
53 1.183 -0.044 1.246
129 1.158 -0.050 1.103
101 1.135 -0.057 0.864
179 1.135 -0.058 0.721
53 1.207 -0.044 1.247
129 1.178 -0.049 1.103
101 1.143 -0.055 0.864
179 1.137 -0.055 0.721
53 1.222 -0.037 1.248
129 1.197 -0.048 1.104
101 1.161 -0.055 0.864
179 1.148 -0.053 0.720
53 1.222 -0.034 1.248
129 1.208 -0.043 1.104
101 1.181 -0.051 0.863
179 1.168 -0.050 0.719
53 1.214 -0.031 1.249
129 1.211 -0.039 1.104
101 1.197 -0.046 0.863
179 1.187 -0.045 0.718
53 1.204 -0.027 1.249
129 1.210 -0.034 1.104
101 1.209 -0.041 0.863
179 1.204 -0.041 0.718
53 1.191 -0.022 1.250
129 1.206 -0.029 1.105
101 1.218 -0.037 0.863
179 1.218 -0.038 0.718
53 1.175 -0.018 1.251
129 1.199 -0.024 1.107
101 1.224 -0.032 0.865
179 1.230 -0.035 0.719
53 1.155 -0.014 1.251
129 1.186 -0.019 1.108
101 1.226 -0.028 0.867
179 1.238 -0.033 0.721
53 1.145 -0.006 1.250
129 1.173 -0.016 1.108
101 1.217 -0.027 0.869
179 1.238 -0.031 0.723
53 1.151 -0.004 1.249
129 1.171 -0.013 1.107
101 1.208 -0.024 0.869
179 1.229 -0.030 0.725
53 1.166 -0.004 1.248
129 1.178 -0.013 1.106
101 1.205 -0.023 0.868
179 1.222 -0.028 0.724
53 1.183 -0.004 1.247
129 1.188 -0.013 1.105
101 1.206 -0.023 0.867
179 1.218 -0.026 0.723
53 1.201 -0.003 1.247
129 1.200 -0.012 1.104
101 1.208 -0.023 0.866
179 1.216 -0.026 0.722
53 1.219 -0.003 1.247
129 1.213 -0.012 1.104
101 1.211 -0.023 0.865
179 1.214 -0.026 0.721
53 1.238 -0.002 1.247
129 1.226 -0.011 1.104
101 1.215 -0.023 0.865
179 1.214 -0.026 0.721
53 1.251 0.006 1.248
129 1.240 -0.010 1.104
101 1.223 -0.025 0.864
179 1.216 -0.028 0.721
53 1.252 0.011 1.249
129 1.249 -0.005 1.105
101 1.234 -0.024 0.864
179 1.223 -0.030 0.720
53 1.243 0.016 1.250
129 1.250 -0.001 1.105
101 1.243 -0.023 0.864
179 1.233 -0.030 0.719
53 1.227 0.020 1.252
129 1.243 0.004 1.107
101 1.248 -0.021 0.864
179 1.241 -0.030 0.720
53 1.205 0.025 1.252
129 1.229 0.009 1.108
101 1.248 -0.018 0.866
179 1.248 -0.030 0.721
53 1.179 0.028 1.252
129 1.208 0.014 1.109
101 1.241 -0.013 0.868
179 1.250 -0.027 0.722
53 1.150 0.029 1.251
129 1.182 0.017 1.109
101 1.227 -0.007 0.869
179 1.244 -0.022 0.724
53 1.135 0.035 1.250
129 1.161 0.018 1.108
101 1.205 -0.005 0.870
179 1.229 -0.017 0.726
53 1.135 0.034 1.248
129 1.151 0.018 1.107
101 1.187 -0.003 0.870
179 1.210 -0.013 0.726
53 1.144 0.033 1.247
129 1.150 0.016 1.105
101 1.175 -0.003 0.868
179 1.193 -0.010 0.725
53 1.156 0.035 1.246
129 1.154 0.017 1.104
101 1.166 -0.003 0.867
179 1.180 -0.009 0.724
53 1.172 0.039 1.246
129 1.160 0.021 1.104
101 1.159 -0.001 0.867
179 1.168 -0.008 0.724
53 1.190 0.043 1.246
129 1.170 0.027 1.103
101 1.155 0.003 0.866
179 1.158 -0.006 0.723
53 1.210 0.048 1.246
129 1.184 0.033 1.103
101 1.155 0.009 0.866
179 1.151 -0.003 0.723
53 1.222 0.058 1.247
129 1.199 0.039 1.104
101 1.164 0.013 0.865
179 1.152 0.002 0.722
53 1.220 0.062 1.247
129 1.206 0.045 1.104
101 1.176 0.020 0.864
179 1.162 0.008 0.721
53 1.209 0.064 1.247
129 1.203 0.048 1.103
101 1.185 0.025 0.863
179 1.175 0.014 0.720
53 1.194 0.067 1.247
129 1.197 0.051 1.103
101 1.191 0.029 0.863
179 1.185 0.018 0.719
53 1.177 0.071 1.248
129 1.188 0.056 1.104
101 1.194 0.033 0.864
179 1.194 0.022 0.719
53 1.159 0.076 1.248
129 1.177 0.061 1.105
101 1.195 0.037 0.864
179 1.200 0.026 0.720
53 1.139 0.080 1.249
129 1.163 0.067 1.106
101 1.194 0.043 0.866
179 1.204 0.030 0.721
53 1.127 0.090 1.249
129 1.149 0.072 1.107
101 1.185 0.047 0.868
179 1.202 0.035 0.723
53 1.129 0.092 1.247
129 1.143 0.076 1.106
101 1.174 0.053 0.868
179 1.194 0.040 0.725
53 1.140 0.093 1.246
129 1.145 0.077 1.104
101 1.168 0.056 0.867
179 1.185 0.045 0.724
53 1.155 0.095 1.245
129 1.152 0.079 1.103
101 1.165 0.058 0.866
179 1.179 0.047 0.723
53 1.173 0.098 1.245
129 1.162 0.083 1.103
101 1.164 0.060 0.866
179 1.173 0.050 0.723
53 1.193 0.102 1.245
129 1.176 0.088 1.103
101 1.165 0.064 0.865
179 1.169 0.052 0.722
53 1.214 0.105 1.245
129 1.192 0.093 1.103
101 1.170 0.069 0.865
179 1.168 0.056 0.722
53 1.228 0.115 1.246
129 1.209 0.098 1.103
101 1.180 0.072 0.864
179 1.171 0.058 0.721
53 1.228 0.119 1.247
129 1.218 0.104 1.103
101 1.194 0.078 0.863
179 1.182 0.062 0.720
53 1.220 0.122 1.247
129 1.219 0.106 1.103
101 1.205 0.081 0.862
179 1.195 0.065 0.719
53 1.206 0.126 1.248
129 1.214 0.110 1.103
101 1.212 0.083 0.862
179 1.206 0.067 0.718
53 1.189 0.131 1.249
129 1.205 0.115 1.105
101 1.216 0.086 0.863
179 1.215 0.070 0.719
53 1.168 0.136 1.250
129 1.191 0.121 1.106
101 1.216 0.092 0.865
179 1.222 0.074 0.720
53 1.144 0.141 1.250
129 1.173 0.128 1.107
101 1.210 0.100 0.866
179 1.224 0.081 0.722
53 1.129 0.149 1.250
129 1.154 0.132 1.107
101 1.196 0.106 0.868
179 1.216 0.089 0.724
53 1.132 0.151 1.248
129 1.147 0.136 1.106
101 1.181 0.112 0.868
179 1.203 0.096 0.724
53 1.142 0.149 1.246
129 1.149 0.135 1.104
101 1.174 0.114 0.866
179 1.191 0.101 0.723
53 1.156 0.151 1.245
129 1.155 0.137 1.102
101 1.169 0.115 0.865
179 1.182 0.102 0.721
53 1.173 0.155 1.244
129 1.163 0.141 1.101
101 1.165 0.116 0.863
179 1.173 0.101 0.720
53 1.192 0.159 1.244
129 1.175 0.146 1.101
101 1.164 0.118 0.863
179 1.167 0.100 0.720
53 1.212 0.163 1.244
129 1.189 0.150 1.101
101 1.166 0.121 0.862
179 1.164 0.100 0.719
53 1.224 0.170 1.245
129 1.205 0.152 1.101
101 1.177 0.120 0.862
179 1.167 0.099 0.719
53 1.223 0.170 1.246
129 1.213 0.152 1.101
101 1.191 0.119 0.861
179 1.179 0.098 0.718
53 1.215 0.169 1.247
129 1.214 0.149 1.102
101 1.202 0.117 0.861
179 1.193 0.097 0.717
53 1.201 0.171 1.248
129 1.209 0.150 1.103
101 1.210 0.116 0.862
179 1.205 0.096 0.718
53 1.182 0.176 1.249
129 1.199 0.155 1.104
101 1.214 0.119 0.863
179 1.215 0.098 0.719
53 1.160 0.181 1.249
129 1.183 0.162 1.106
101 1.212 0.126 0.865
179 1.221 0.103 0.720
53 1.136 0.186 1.250
129 1.164 0.169 1.107
101 1.204 0.135 0.866
179 1.220 0.113 0.722
53 1.121 0.195 1.250
129 1.145 0.174 1.107
101 1.187 0.142 0.868
179 1.209 0.122 0.724
53 1.123 0.198 1.247
129 1.136 0.179 1.105
101 1.170 0.149 0.867
179 1.191 0.129 0.724
53 1.133 0.197 1.246
129 1.137 0.178 1.103
101 1.159 0.149 0.865
179 1.176 0.131 0.722
53 1.147 0.200 1.245
129 1.142 0.180 1.102
101 1.151 0.147 0.864
179 1.163 0.127 0.720
53 1.164 0.204 1.244
129 1.151 0.183 1.101
101 1.146 0.145 0.863
179 1.152 0.121 0.719
53 1.184 0.204 1.244
129 1.164 0.184 1.100
101 1.146 0.142 0.862
179 1.147 0.115 0.719
53 1.207 0.200 1.244
129 1.183 0.180 1.100
101 1.155 0.140 0.862
179 1.149 0.113 0.719
53 1.224 0.203 1.246
129 1.205 0.177 1.102
101 1.174 0.136 0.862
179 1.162 0.111 0.719
53 1.227 0.206 1.247
129 1.220 0.179 1.103
101 1.199 0.138 0.862
179 1.185 0.113 0.718
53 1.221 0.210 1.249
129 1.226 0.183 1.104
101 1.218 0.140 0.863
179 1.209 0.116 0.719
53 1.207 0.217 1.250
129 1.223 0.191 1.106
101 1.232 0.146 0.864
179 1.230 0.120 0.720
53 1.189 0.226 1.251
129 1.212 0.202 1.107
101 1.239 0.158 0.866
179 1.245 0.130 0.721
53 1.166 0.233 1.252
129 1.195 0.212 1.108
101 1.235 0.172 0.868
179 1.250 0.143 0.722
53 1.139 0.237 1.251
129 1.172 0.219 1.108
101 1.222 0.183 0.868
179 1.243 0.155 0.723
53 1.125 0.246 1.251
129 1.152 0.223 1.108
101 1.197 0.186 0.869
179 1.220 0.161 0.724
53 1.125 0.248 1.248
129 1.140 0.225 1.105
101 1.170 0.187 0.867
179 1.189 0.161 0.723
53 1.132 0.245 1.246
129 1.135 0.220 1.103
101 1.150 0.179 0.864
179 1.162 0.153 0.721
53 1.142 0.241 1.244
129 1.133 0.215 1.101
101 1.133 0.168 0.863
179 1.140 0.140 0.719
53 1.155 0.239 1.244
129 1.137 0.210 1.100
101 1.123 0.158 0.862
179 1.125 0.127 0.719
53 1.176 0.234 1.244
129 1.152 0.206 1.101
101 1.126 0.153 0.862
179 1.123 0.120 0.720
53 1.203 0.231 1.245
129 1.177 0.203 1.101
101 1.144 0.153 0.863
179 1.135 0.121 0.720
53 1.225 0.239 1.248
129 1.208 0.206 1.103
101 1.176 0.155 0.864
179 1.162 0.126 0.720
53 1.232 0.248 1.250
129 1.229 0.216 1.105
101 1.212 0.165 0.864
179 1.199 0.136 0.720
53 1.228 0.258 1.251
129 1.239 0.227 1.107
101 1.240 0.176 0.865
179 1.233 0.147 0.720
53 1.216 0.270 1.253
129 1.238 0.242 1.108
101 1.259 0.190 0.867
179 1.262 0.159 0.721
53 1.197 0.280 1.253
129 1.227 0.256 1.109
101 1.266 0.206 0.868
179 1.277 0.172 0.722
53 1.170 0.284 1.253
129 1.205 0.262 1.109
101 1.254 0.215 0.868
179 1.273 0.180 0.722
53 1.139 0.281 1.252
129 1.174 0.259 1.109
101 1.225 0.215 0.868
179 1.246 0.183 0.722
53 1.115 0.286 1.252
129 1.140 0.256 1.108
101 1.182 0.208 0.868
179 1.203 0.178 0.723
53 1.105 0.287 1.248
129 1.113 0.256 1.105
101 1.138 0.205 0.867
179 1.155 0.174 0.723
53 1.104 0.284 1.245
129 1.097 0.250 1.103
101 1.103 0.194 0.865
179 1.116 0.162 0.722
53 1.113 0.282 1.244
129 1.094 0.247 1.101
101 1.082 0.185 0.864
179 1.089 0.148 0.721
53 1.135 0.279 1.244
129 1.110 0.245 1.101
101 1.085 0.181 0.863
179 1.086 0.141 0.721
53 1.168 0.274 1.245
129 1.142 0.240 1.102
101 1.113 0.180 0.863
179 1.108 0.143 0.721
53 1.206 0.270 1.247
129 1.184 0.238 1.103
101 1.155 0.184 0.864
179 1.146 0.150 0.721
53 1.233 0.261 1.247
129 1.221 0.236 1.103
101 1.201 0.192 0.863
179 1.191 0.162 0.720
53 1.247 0.256 1.250
129 1.251 0.228 1.104
101 1.244 0.188 0.862
179 1.236 0.163 0.718
53 1.246 0.263 1.252
129 1.267 0.234 1.107
101 1.280 0.186 0.863
179 1.277 0.158 0.718
53 1.231 0.274 1.254
129 1.263 0.247 1.109
101 1.299 0.193 0.866
179 1.306 0.157 0.719
53 1.207 0.276 1.254
129 1.243 0.252 1.110
101 1.292 0.200 0.868
179 1.309 0.163 0.722
53 1.175 0.274 1.253
129 1.211 0.249 1.110
101 1.264 0.203 0.869
179 1.285 0.170 0.723
53 1.135 0.272 1.253
129 1.169 0.248 1.110
101 1.220 0.205 0.869
179 1.242 0.175 0.723
53 1.110 0.264 1.248
129 1.132 0.246 1.105
101 1.167 0.208 0.866
179 1.187 0.181 0.722
53 1.098 0.256 1.244
129 1.102 0.235 1.101
101 1.121 0.199 0.862
179 1.137 0.174 0.719
53 1.094 0.253 1.241
129 1.082 0.229 1.098
101 1.083 0.185 0.860
179 1.096 0.157 0.717
53 1.102 0.251 1.240
129 1.076 0.224 1.097
101 1.062 0.168 0.860
179 1.071 0.134 0.717
53 1.125 0.243 1.241
129 1.094 0.214 1.098
101 1.066 0.156 0.860
179 1.068 0.119 0.718
53 1.161 0.232 1.243
129 1.132 0.203 1.099
101 1.097 0.149 0.861
179 1.091 0.115 0.718
53 1.202 0.225 1.245
129 1.177 0.197 1.101
101 1.142 0.149 0.862
179 1.131 0.118 0.719
53 1.230 0.213 1.246
129 1.216 0.191 1.102
101 1.192 0.152 0.862
179 1.179 0.127 0.718
53 1.245 0.207 1.248
129 1.247 0.182 1.103
101 1.237 0.149 0.862
179 1.227 0.130 0.717
53 1.246 0.212 1.251
129 1.265 0.186 1.106
101 1.275 0.148 0.863
179 1.270 0.129 0.717
53 1.236 0.223 1.253
129 1.268 0.200 1.109
101 1.301 0.156 0.865
179 1.305 0.130 0.719
53 1.214 0.233 1.254
129 1.253 0.213 1.110
101 1.305 0.170 0.868
179 1.321 0.137 0.721
53 1.186 0.236 1.253
129 1.227 0.218 1.110
101 1.286 0.179 0.869
179 1.309 0.147 0.722
53 1.153 0.235 1.252
129 1.191 0.218 1.110
101 1.248 0.182 0.869
179 1.272 0.155 0.723
53 1.133 0.227 1.249
129 1.161 0.214 1.106
101 1.203 0.186 0.866
179 1.223 0.162 0.722
53 1.125 0.218 1.245
129 1.137 0.205 1.102
101 1.161 0.181 0.863
179 1.177 0.162 0.719
53 1.122 0.214 1.242
129 1.118 0.198 1.099
101 1.125 0.173 0.860
179 1.135 0.154 0.716
53 1.122 0.212 1.240
129 1.105 0.195 1.096
101 1.095 0.162 0.858
179 1.102 0.139 0.715
53 1.130 0.210 1.239
129 1.101 0.191 1.096
101 1.077 0.149 0.858
179 1.081 0.120 0.716
53 1.149 0.204 1.240
129 1.115 0.183 1.097
101 1.079 0.137 0.859
179 1.077 0.106 0.717
53 1.181 0.195 1.242
129 1.146 0.173 1.099
101 1.105 0.129 0.860
179 1.095 0.099 0.718
53 1.202 0.178 1.243
129 1.178 0.161 1.100
101 1.145 0.127 0.860
179 1.132 0.101 0.717
53 1.211 0.164 1.244
129 1.201 0.144 1.100
101 1.182 0.117 0.860
179 1.173 0.100 0.716
53 1.214 0.159 1.246
129 1.218 0.136 1.102
101 1.215 0.108 0.861
179 1.210 0.095 0.716
53 1.210 0.161 1.249
129 1.227 0.137 1.105
101 1.242 0.105 0.863
179 1.242 0.091 0.717
53 1.199 0.167 1.251
129 1.228 0.144 1.107
101 1.261 0.108 0.865
179 1.269 0.090 0.719
53 1.178 0.175 1.252
129 1.215 0.156 1.110
101 1.267 0.119 0.869
179 1.285 0.096 0.722
53 1.155 0.181 1.252
129 1.195 0.165 1.110
101 1.255 0.133 0.870
179 1.281 0.108 0.724
53 1.148 0.177 1.249
129 1.182 0.169 1.107
101 1.234 0.144 0.868
179 1.260 0.123 0.724
53 1.156 0.173 1.247
129 1.180 0.164 1.105
101 1.218 0.146 0.866
179 1.237 0.131 0.722
53 1.168 0.170 1.245
129 1.182 0.161 1.102
101 1.205 0.145 0.863
179 1.216 0.132 0.719
53 1.180 0.170 1.244
129 1.185 0.160 1.100
101 1.193 0.143 0.860
179 1.198 0.131 0.716
53 1.192 0.170 1.242
129 1.188 0.160 1.098
101 1.183 0.141 0.859
179 1.183 0.126 0.715
53 1.203 0.169 1.241
129 1.191 0.159 1.097
101 1.176 0.138 0.858
179 1.172 0.121 0.714
53 1.215 0.167 1.241
129 1.195 0.157 1.097
101 1.172 0.133 0.858
179 1.166 0.116 0.715
53 1.220 0.159 1.241
129 1.201 0.153 1.097
101 1.174 0.132 0.857
179 1.166 0.113 0.714
53 1.214 0.151 1.241
129 1.203 0.144 1.097
101 1.181 0.126 0.857
179 1.172 0.110 0.713
53 1.201 0.145 1.241
129 1.198 0.136 1.097
101 1.186 0.118 0.856
179 1.180 0.105 0.713
53 1.185 0.141 1.242
129 1.190 0.130 1.097
101 1.189 0.111 0.857
179 1.186 0.099 0.713
53 1.167 0.139 1.243
129 1.178 0.127 1.098
101 1.188 0.106 0.857
179 1.191 0.093 0.713
53 1.147 0.138 1.244
129 1.165 0.125 1.100
101 1.185 0.103 0.859
179 1.193 0.090 0.715
53 1.126 0.138 1.244
129 1.149 0.125 1.101
101 1.180 0.102 0.860
179 1.192 0.088 0.716
53 1.115 0.131 1.243
129 1.135 0.124 1.100
101 1.168 0.105 0.861
179 1.185 0.090 0.717
53 1.117 0.125 1.241
129 1.128 0.118 1.099
101 1.156 0.104 0.861
179 1.174 0.092 0.718
53 1.127 0.122 1.240
129 1.129 0.115 1.098
101 1.148 0.102 0.860
179 1.163 0.092 0.717
53 1.141 0.120 1.240
129 1.135 0.113 1.097
101 1.142 0.100 0.860
179 1.154 0.092 0.717
53 1.158 0.120 1.240
129 1.144 0.113 1.097
101 1.139 0.100 0.859
179 1.147 0.090 0.717
53 1.177 0.121 1.240
129 1.156 0.114 1.097
101 1.140 0.100 0.859
179 1.143 0.089 0.716
53 1.199 0.122 1.241
129 1.172 0.116 1.098
101 1.145 0.100 0.859
179 1.143 0.088 0.717
53 1.211 0.117 1.241
129 1.188 0.117 1.098
101 1.158 0.103 0.859
179 1.150 0.089 0.716
53 1.209 0.113 1.242
129 1.196 0.112 1.098
101 1.172 0.102 0.858
179 1.163 0.089 0.715
53 1.200 0.110 1.242
129 1.196 0.108 1.097
101 1.183 0.098 0.857
179 1.176 0.088 0.713
53 1.188 0.107 1.242
129 1.192 0.104 1.097
101 1.190 0.095 0.857
179 1.187 0.086 0.713
53 1.173 0.105 1.243
129 1.186 0.102 1.098
101 1.195 0.093 0.857
179 1.196 0.084 0.713
53 1.156 0.104 1.244
129 1.176 0.101 1.099
101 1.197 0.092 0.858
179 1.203 0.084 0.714
53 1.136 0.104 1.244
129 1.163 0.101 1.101
101 1.196 0.093 0.860
179 1.207 0.085 0.715
53 1.125 0.099 1.244
129 1.150 0.103 1.101
101 1.188 0.098 0.861
179 1.205 0.089 0.717
53 1.130 0.097 1.242
129 1.145 0.102 1.100
101 1.178 0.101 0.862
179 1.197 0.093 0.718
53 1.141 0.097 1.241
129 1.149 0.102 1.099
101 1.172 0.102 0.861
179 1.189 0.096 0.717
53 1.155 0.097 1.240
129 1.155 0.103 1.098
101 1.170 0.105 0.860
179 1.183 0.100 0.717
53 1.172 0.098 1.240
129 1.165 0.105 1.097
101 1.169 0.108 0.859
179 1.178 0.103 0.716
53 1.190 0.099 1.240
129 1.176 0.107 1.097
101 1.170 0.111 0.859
179 1.175 0.106 0.716
53 1.210 0.099 1.241
129 1.190 0.108 1.097
101 1.173 0.114 0.859
179 1.173 0.108 0.715
53 1.224 0.093 1.242
129 1.206 0.109 1.098
101 1.182 0.117 0.858
179 1.176 0.111 0.715
53 1.225 0.090 1.243
129 1.216 0.105 1.098
101 1.195 0.116 0.857
179 1.185 0.111 0.714
53 1.217 0.088 1.243
129 1.218 0.103 1.098
101 1.206 0.114 0.857
179 1.197 0.109 0.713
53 1.203 0.085 1.244
129 1.213 0.100 1.099
101 1.213 0.112 0.857
179 1.207 0.108 0.712
53 1.184 0.081 1.245
129 1.202 0.095 1.101
101 1.216 0.110 0.858
179 1.216 0.107 0.713
53 1.162 0.077 1.245
129 1.187 0.091 1.102
101 1.214 0.106 0.860
179 1.221 0.105 0.714
53 1.136 0.074 1.245
129 1.166 0.086 1.102
101 1.206 0.102 0.861
179 1.221 0.103 0.715
53 1.121 0.067 1.244
129 1.147 0.084 1.102
101 1.190 0.101 0.863
179 1.212 0.102 0.718
53 1.123 0.066 1.243
129 1.138 0.082 1.101
101 1.173 0.098 0.863
179 1.196 0.100 0.719
53 1.133 0.066 1.242
129 1.139 0.082 1.100
101 1.163 0.097 0.862
179 1.182 0.098 0.719
53 1.147 0.064 1.241
129 1.144 0.081 1.099
101 1.157 0.098 0.861
179 1.171 0.098 0.718
53 1.164 0.061 1.241
129 1.153 0.078 1.098
101 1.153 0.097 0.861
179 1.161 0.099 0.717
53 1.183 0.058 1.241
129 1.164 0.075 1.098
101 1.151 0.095 0.860
179 1.154 0.097 0.717
53 1.204 0.055 1.241
129 1.179 0.070 1.098
101 1.154 0.091 0.860
179 1.151 0.094 0.717
53 1.218 0.045 1.243
129 1.196 0.066 1.099
101 1.165 0.087 0.860
179 1.155 0.089 0.716
53 1.218 0.041 1.243
129 1.207 0.059 1.099
101 1.181 0.079 0.859
179 1.168 0.082 0.715
53 1.209 0.038 1.244
129 1.208 0.054 1.099
101 1.193 0.072 0.859
179 1.183 0.075 0.714
53 1.196 0.033 1.244
129 1.204 0.049 1.100
101 1.202 0.066 0.859
179 1.196 0.069 0.714
53 1.179 0.027 1.245
129 1.196 0.042 1.101
101 1.207 0.061 0.860
179 1.206 0.065 0.715
53 1.160 0.021 1.245
129 1.184 0.035 1.102
101 1.208 0.056 0.861
179 1.214 0.062 0.716
53 1.136 0.017 1.245
129 1.166 0.029 1.103
101 1.204 0.050 0.863
179 1.217 0.058 0.717
53 1.123 0.009 1.245
129 1.149 0.026 1.104
101 1.191 0.047 0.865
179 1.211 0.056 0.720
53 1.126 0.008 1.244
129 1.142 0.024 1.103
101 1.177 0.045 0.866
179 1.198 0.054 0.722
53 1.137 0.010 1.243
129 1.145 0.026 1.101
101 1.169 0.046 0.865
179 1.187 0.053 0.721
53 1.152 0.010 1.242
129 1.151 0.027 1.101
101 1.165 0.048 0.864
179 1.178 0.055 0.720
53 1.168 0.009 1.242
129 1.160 0.027 1.100
101 1.163 0.051 0.863
179 1.171 0.057 0.720
53 1.187 0.008 1.242
129 1.171 0.026 1.100
101 1.162 0.052 0.863
179 1.165 0.060 0.720
53 1.207 0.006 1.243
129 1.185 0.024 1.100
101 1.164 0.051 0.863
179 1.162 0.061 0.719
53 1.221 -0.003 1.244
129 1.201 0.021 1.101
101 1.173 0.051 0.862
179 1.164 0.061 0.719
53 1.221 -0.007 1.245
129 1.211 0.016 1.101
101 1.187 0.046 0.862
179 1.175 0.058 0.718
53 1.212 -0.008 1.245
129 1.212 0.014 1.101
101 1.198 0.043 0.861
179 1.188 0.053 0.717
53 1.197 -0.013 1.246
129 1.206 0.010 1.102
101 1.205 0.040 0.862
179 1.199 0.050 0.717
53 1.178 -0.018 1.247
129 1.195 0.004 1.103
101 1.208 0.035 0.863
179 1.208 0.047 0.718
53 1.157 -0.024 1.247
129 1.180 -0.003 1.104
101 1.206 0.029 0.864
179 1.213 0.042 0.719
53 1.131 -0.028 1.246
129 1.160 -0.010 1.104
101 1.199 0.021 0.865
179 1.213 0.037 0.720
53 1.117 -0.037 1.246
129 1.142 -0.015 1.105
101 1.183 0.016 0.868
179 1.204 0.031 0.723
53 1.118 -0.038 1.245
129 1.133 -0.017 1.104
101 1.167 0.011 0.868
179 1.188 0.025 0.724
53 1.128 -0.036 1.244
129 1.134 -0.016 1.103
101 1.157 0.011 0.867
179 1.175 0.022 0.724
53 1.142 -0.038 1.244
129 1.139 -0.016 1.102
101 1.151 0.011 0.866
179 1.164 0.022 0.723
53 1.160 -0.041 1.244
129 1.148 -0.019 1.102
101 1.147 0.011 0.865
179 1.155 0.022 0.722
53 1.179 -0.044 1.244
129 1.160 -0.024 1.102
101 1.146 0.008 0.865
179 1.148 0.020 0.722
53 1.199 -0.048 1.244
129 1.175 -0.029 1.102
101 1.149 0.002 0.864
179 1.145 0.017 0.722
53 1.213 -0.057 1.245
129 1.192 -0.034 1.102
101 1.159 -0.002 0.864
179 1.149 0.013 0.721
53 1.212 -0.062 1.246
129 1.201 -0.041 1.102
101 1.175 -0.010 0.863
179 1.162 0.006 0.720
53 1.203 -0.064 1.246
129 1.201 -0.043 1.102
101 1.187 -0.015 0.863
179 1.176 -0.001 0.719
53 1.189 -0.068 1.247
129 1.196 -0.048 1.103
101 1.194 -0.019 0.863
179 1.189 -0.006 0.719
53 1.172 -0.074 1.247
129 1.187 -0.054 1.104
101 1.199 -0.024 0.864
179 1.199 -0.010 0.719
53 1.152 -0.080 1.248
129 1.175 -0.061 1.105
101 1.199 -0.030 0.865
179 1.206 -0.015 0.720
53 1.131 -0.086 1.247
129 1.159 -0.069 1.105
101 1.195 -0.038 0.866
179 1.209 -0.022 0.722
53 1.117 -0.096 1.249
129 1.143 -0.075 1.107
101 1.183 -0.045 0.869
179 1.203 -0.029 0.725
53 1.120 -0.098 1.247
129 1.136 -0.080 1.106
101 1.170 -0.052 0.869
179 1.191 -0.037 0.726
53 1.132 -0.097 1.246
129 1.139 -0.079 1.105
101 1.163 -0.055 0.868
179 1.181 -0.042 0.725
53 1.147 -0.098 1.245
129 1.146 -0.080 1.104
101 1.160 -0.056 0.867
179 1.173 -0.045 0.724
53 1.164 -0.101 1.245
129 1.155 -0.083 1.103
101 1.158 -0.058 0.866
179 1.166 -0.047 0.723
53 1.182 -0.104 1.245
129 1.167 -0.088 1.102
101 1.158 -0.062 0.865
179 1.161 -0.049 0.722
53 1.202 -0.108 1.245
129 1.181 -0.093 1.102
101 1.160 -0.067 0.864
179 1.159 -0.052 0.722
53 1.215 -0.117 1.246
129 1.196 -0.098 1.103
101 1.169 -0.070 0.864
179 1.161 -0.055 0.721
53 1.214 -0.122 1.247
129 1.204 -0.104 1.103
101 1.182 -0.075 0.863
179 1.171 -0.058 0.720
53 1.204 -0.125 1.247
129 1.204 -0.107 1.103
101 1.192 -0.079 0.862
179 1.184 -0.062 0.719
53 1.190 -0.129 1.248
129 1.198 -0.111 1.103
101 1.198 -0.081 0.863
179 1.194 -0.065 0.719
53 1.171 -0.134 1.248
129 1.188 -0.116 1.104
101 1.201 -0.084 0.864
179 1.202 -0.067 0.719
53 1.150 -0.139 1.249
129 1.173 -0.122 1.105
101 1.200 -0.090 0.865
179 1.208 -0.072 0.720
53 1.125 -0.144 1.249
129 1.153 -0.128 1.106
101 1.193 -0.098 0.866
179 1.208 -0.079 0.722
53 1.111 -0.152 1.250
129 1.135 -0.133 1.108
101 1.177 -0.105 0.869
179 1.199 -0.088 0.725
53 1.112 -0.154 1.248
129 1.127 -0.137 1.106
101 1.162 -0.111 0.869
179 1.184 -0.095 0.725
53 1.123 -0.154 1.246
129 1.129 -0.138 1.104
101 1.153 -0.114 0.867
179 1.172 -0.100 0.724
53 1.138 -0.157 1.245
129 1.135 -0.141 1.103
101 1.148 -0.116 0.865
179 1.161 -0.102 0.722
53 1.155 -0.161 1.245
129 1.144 -0.146 1.102
101 1.145 -0.118 0.864
179 1.153 -0.101 0.721
53 1.175 -0.166 1.244
129 1.157 -0.151 1.101
101 1.145 -0.120 0.863
179 1.149 -0.100 0.720
53 1.196 -0.168 1.245
129 1.173 -0.154 1.101
101 1.150 -0.122 0.863
179 1.148 -0.099 0.720
53 1.210 -0.173 1.246
129 1.190 -0.154 1.102
101 1.163 -0.120 0.863
179 1.156 -0.098 0.720
53 1.210 -0.174 1.247
129 1.202 -0.154 1.102
101 1.181 -0.120 0.862
179 1.171 -0.097 0.718
53 1.202 -0.174 1.248
129 1.204 -0.153 1.103
101 1.196 -0.118 0.862
179 1.189 -0.097 0.718
53 1.189 -0.177 1.249
129 1.201 -0.155 1.105
101 1.206 -0.118 0.863
179 1.204 -0.097 0.719
53 1.171 -0.182 1.250
129 1.191 -0.160 1.106
101 1.212 -0.123 0.865
179 1.216 -0.100 0.720
53 1.149 -0.188 1.251
129 1.175 -0.168 1.108
101 1.210 -0.131 0.867
179 1.222 -0.108 0.722
53 1.123 -0.193 1.251
129 1.153 -0.176 1.108
101 1.199 -0.143 0.868
179 1.220 -0.120 0.723
53 1.108 -0.202 1.252
129 1.135 -0.181 1.109
101 1.180 -0.150 0.870
179 1.205 -0.130 0.726
53 1.111 -0.206 1.250
129 1.126 -0.187 1.107
101 1.161 -0.157 0.869
179 1.184 -0.137 0.725
53 1.122 -0.205 1.248
129 1.128 -0.187 1.105
101 1.150 -0.157 0.866
179 1.166 -0.138 0.723
53 1.136 -0.207 1.246
129 1.133 -0.188 1.103
101 1.141 -0.153 0.864
179 1.151 -0.131 0.721
53 1.153 -0.209 1.245
129 1.140 -0.189 1.102
101 1.135 -0.149 0.863
179 1.140 -0.123 0.720
53 1.171 -0.208 1.245
129 1.152 -0.187 1.101
101 1.135 -0.143 0.863
179 1.136 -0.115 0.720
53 1.193 -0.203 1.246
129 1.169 -0.182 1.102
101 1.143 -0.139 0.863
179 1.139 -0.111 0.720
53 1.207 -0.187 1.246
129 1.188 -0.171 1.102
101 1.162 -0.136 0.862
179 1.153 -0.110 0.719
53 1.209 -0.173 1.247
129 1.201 -0.156 1.102
101 1.182 -0.127 0.861
179 1.173 -0.107 0.718
53 1.204 -0.169 1.249
129 1.207 -0.148 1.103
101 1.201 -0.118 0.862
179 1.194 -0.100 0.718
53 1.191 -0.172 1.250
129 1.205 -0.149 1.106
101 1.214 -0.114 0.864
179 1.213 -0.095 0.719
53 1.173 -0.178 1.252
129 1.196 -0.156 1.108
101 1.221 -0.117 0.866
179 1.227 -0.095 0.721
53 1.151 -0.185 1.252
129 1.180 -0.165 1.109
101 1.219 -0.126 0.868
179 1.233 -0.102 0.723
53 1.124 -0.189 1.252
129 1.157 -0.172 1.109
101 1.206 -0.138 0.870
179 1.229 -0.114 0.725
53 1.115 -0.182 1.248
129 1.141 -0.172 1.105
101 1.186 -0.148 0.867
179 1.211 -0.128 0.724
53 1.121 -0.172 1.246
129 1.138 -0.164 1.103
101 1.173 -0.148 0.865
179 1.193 -0.133 0.722
53 1.132 -0.169 1.244
129 1.140 -0.160 1.101
101 1.162 -0.145 0.863
179 1.178 -0.132 0.719
53 1.145 -0.169 1.243
129 1.144 -0.159 1.099
101 1.154 -0.140 0.861
179 1.164 -0.125 0.718
53 1.159 -0.171 1.242
129 1.149 -0.160 1.098
101 1.147 -0.134 0.860
179 1.154 -0.115 0.717
53 1.175 -0.171 1.242
129 1.157 -0.158 1.098
101 1.144 -0.128 0.860
179 1.146 -0.106 0.717
53 1.194 -0.168 1.242
129 1.170 -0.155 1.098
101 1.145 -0.122 0.860
179 1.142 -0.099 0.717
53 1.204 -0.155 1.242
129 1.183 -0.147 1.098
101 1.155 -0.119 0.859
179 1.147 -0.096 0.717
53 1.202 -0.142 1.243
129 1.190 -0.133 1.098
101 1.168 -0.111 0.858
179 1.158 -0.093 0.716
53 1.193 -0.134 1.243
129 1.190 -0.122 1.099
101 1.178 -0.101 0.858
179 1.171 -0.086 0.715
53 1.180 -0.131 1.245
129 1.186 -0.116 1.100
101 1.186 -0.093 0.859
179 1.183 -0.079 0.715
53 1.163 -0.131 1.246
129 1.178 -0.114 1.101
101 1.191 -0.088 0.860
179 1.193 -0.073 0.716
53 1.143 -0.134 1.247
129 1.165 -0.116 1.103
101 1.191 -0.087 0.862
179 1.199 -0.071 0.718
53 1.121 -0.138 1.247
129 1.148 -0.121 1.104
101 1.186 -0.090 0.864
179 1.201 -0.072 0.720
53 1.110 -0.131 1.244
129 1.134 -0.122 1.102
101 1.172 -0.098 0.864
179 1.193 -0.079 0.720
53 1.116 -0.123 1.242
129 1.130 -0.115 1.100
101 1.163 -0.098 0.863
179 1.183 -0.084 0.721
53 1.127 -0.119 1.241
129 1.133 -0.110 1.099
101 1.157 -0.096 0.862
179 1.174 -0.085 0.720
53 1.140 -0.118 1.240
129 1.139 -0.109 1.098
101 1.153 -0.095 0.861
179 1.167 -0.086 0.719
53 1.156 -0.119 1.240
129 1.147 -0.110 1.097
101 1.150 -0.095 0.860
179 1.161 -0.085 0.718
53 1.175 -0.122 1.240
129 1.157 -0.113 1.097
101 1.149 -0.096 0.860
179 1.156 -0.084 0.718
53 1.195 -0.125 1.241
129 1.172 -0.118 1.098
101 1.152 -0.098 0.860
179 1.154 -0.084 0.718
53 1.208 -0.120 1.241
129 1.187 -0.120 1.097
101 1.162 -0.103 0.859
179 1.157 -0.086 0.717
53 1.207 -0.115 1.241
129 1.196 -0.115 1.097
101 1.174 -0.103 0.857
179 1.166 -0.087 0.715
53 1.199 -0.112 1.241
129 1.196 -0.111 1.096
101 1.183 -0.100 0.856
179 1.176 -0.087 0.713
53 1.186 -0.111 1.242
129 1.193 -0.109 1.097
101 1.189 -0.098 0.856
179 1.185 -0.086 0.713
53 1.170 -0.111 1.242
129 1.185 -0.108 1.098
101 1.193 -0.097 0.857
179 1.193 -0.086 0.713
53 1.150 -0.112 1.243
129 1.173 -0.109 1.099
101 1.195 -0.098 0.858
179 1.199 -0.086 0.714
53 1.124 -0.114 1.243
129 1.153 -0.112 1.100
101 1.190 -0.101 0.859
179 1.202 -0.089 0.715
53 1.110 -0.110 1.240
129 1.135 -0.115 1.098
101 1.176 -0.107 0.860
179 1.196 -0.095 0.716
53 1.112 -0.108 1.239
129 1.128 -0.114 1.098
101 1.164 -0.111 0.860
179 1.186 -0.101 0.717
53 1.121 -0.109 1.238
129 1.128 -0.116 1.096
101 1.156 -0.114 0.860
179 1.176 -0.106 0.717
53 1.134 -0.110 1.237
129 1.133 -0.118 1.095
101 1.151 -0.119 0.859
179 1.168 -0.111 0.716
53 1.151 -0.110 1.237
129 1.141 -0.120 1.095
101 1.148 -0.124 0.858
179 1.162 -0.116 0.716
53 1.173 -0.110 1.237
129 1.154 -0.121 1.095
101 1.148 -0.127 0.857
179 1.157 -0.118 0.715
53 1.197 -0.109 1.238
129 1.174 -0.120 1.095
101 1.153 -0.126 0.857
179 1.156 -0.117 0.715
53 1.214 -0.101 1.239
129 1.195 -0.117 1.095
101 1.167 -0.126 0.856
179 1.161 -0.115 0.713
53 1.218 -0.094 1.240
129 1.209 -0.109 1.095
101 1.185 -0.118 0.855
179 1.174 -0.110 0.712
53 1.213 -0.090 1.240
129 1.214 -0.104 1.095
101 1.200 -0.112 0.854
179 1.189 -0.104 0.711
53 1.201 -0.085 1.241
129 1.213 -0.098 1.096
101 1.211 -0.107 0.854
179 1.203 -0.101 0.710
53 1.183 -0.080 1.242
129 1.204 -0.092 1.098
101 1.218 -0.102 0.856
179 1.215 -0.098 0.711
53 1.157 -0.076 1.242
129 1.186 -0.086 1.099
101 1.218 -0.098 0.858
179 1.224 -0.097 0.712
53 1.129 -0.074 1.242
129 1.161 -0.082 1.100
101 1.207 -0.094 0.860
179 1.224 -0.095 0.714
53 1.115 -0.069 1.239
129 1.141 -0.082 1.098
101 1.187 -0.094 0.860
179 1.211 -0.095 0.716
53 1.117 -0.067 1.238
129 1.133 -0.081 1.097
101 1.170 -0.094 0.860
179 1.195 -0.095 0.717
53 1.126 -0.070 1.237
129 1.134 -0.084 1.095
101 1.162 -0.096 0.859
179 1.182 -0.096 0.716
53 1.139 -0.071 1.236
129 1.138 -0.087 1.095
101 1.155 -0.101 0.858
179 1.172 -0.099 0.715
53 1.155 -0.071 1.236
129 1.145 -0.089 1.094
101 1.150 -0.106 0.858
179 1.162 -0.105 0.715
53 1.174 -0.069 1.236
129 1.156 -0.088 1.094
101 1.147 -0.109 0.857
179 1.155 -0.109 0.715
53 1.197 -0.067 1.236
129 1.173 -0.084 1.094
101 1.150 -0.107 0.857
179 1.151 -0.108 0.715
53 1.212 -0.057 1.238
129 1.192 -0.079 1.095
101 1.163 -0.104 0.856
179 1.156 -0.105 0.714
53 1.215 -0.050 1.238
129 1.205 -0.070 1.095
101 1.181 -0.094 0.855
179 1.169 -0.096 0.712
53 1.209 -0.047 1.239
129 1.209 -0.066 1.095
101 1.194 -0.086 0.855
179 1.184 -0.088 0.711
53 1.197 -0.043 1.240
129 1.207 -0.062 1.096
101 1.204 -0.082 0.855
179 1.197 -0.083 0.711
53 1.179 -0.037 1.241
129 1.199 -0.055 1.097
101 1.210 -0.078 0.856
179 1.208 -0.081 0.711
53 1.155 -0.033 1.241
129 1.182 -0.048 1.098
101 1.210 -0.073 0.857
179 1.215 -0.080 0.712
53 1.128 -0.030 1.240
129 1.159 -0.044 1.098
101 1.201 -0.068 0.859
179 1.215 -0.078 0.714
53 1.113 -0.024 1.239
129 1.139 -0.043 1.098
101 1.182 -0.067 0.860
179 1.204 -0.076 0.716
53 1.114 -0.023 1.237
129 1.130 -0.042 1.096
101 1.165 -0.066 0.860
179 1.188 -0.075 0.717
53 1.123 -0.026 1.236
129 1.129 -0.047 1.095
101 1.155 -0.069 0.859
179 1.174 -0.076 0.717
53 1.135 -0.028 1.235
129 1.133 -0.051 1.095
101 1.148 -0.076 0.859
179 1.164 -0.081 0.716
53 1.152 -0.027 1.235
129 1.141 -0.052 1.094
101 1.143 -0.082 0.858
179 1.154 -0.088 0.716
53 1.173 -0.024 1.235
129 1.154 -0.049 1.094
101 1.141 -0.083 0.858
179 1.147 -0.092 0.716
53 1.196 -0.022 1.236
129 1.172 -0.044 1.094
101 1.147 -0.079 0.858
179 1.146 -0.090 0.716
53 1.212 -0.011 1.237
129 1.192 -0.038 1.095
101 1.162 -0.073 0.857
179 1.153 -0.083 0.715
53 1.214 -0.004 1.238
129 1.205 -0.028 1.095
101 1.182 -0.060 0.856
179 1.170 -0.071 0.713
53 1.209 -0.000 1.238
129 1.210 -0.024 1.095
101 1.197 -0.052 0.856
179 1.187 -0.061 0.712
53 1.198 0.005 1.239
129 1.209 -0.018 1.096
101 1.208 -0.048 0.856
179 1.201 -0.056 0.712
53 1.181 0.012 1.240
129 1.201 -0.010 1.098
101 1.214 -0.043 0.857
179 1.212 -0.053 0.713
53 1.154 0.017 1.240
129 1.183 -0.002 1.099
101 1.213 -0.035 0.859
179 1.220 -0.050 0.714
53 1.128 0.020 1.240
129 1.160 0.003 1.099
101 1.203 -0.028 0.861
179 1.218 -0.045 0.716
53 1.114 0.027 1.239
129 1.141 0.005 1.098
101 1.185 -0.025 0.862
179 1.207 -0.040 0.718
53 1.115 0.028 1.237
129 1.132 0.006 1.097
101 1.168 -0.023 0.862
179 1.190 -0.037 0.719
53 1.125 0.024 1.236
129 1.133 0.001 1.096
101 1.158 -0.027 0.861
179 1.177 -0.038 0.718
53 1.138 0.022 1.235
129 1.137 -0.003 1.095
101 1.152 -0.033 0.860
179 1.167 -0.043 0.718
53 1.154 0.023 1.235
129 1.145 -0.004 1.095
101 1.147 -0.040 0.860
179 1.158 -0.051 0.718
53 1.174 0.024 1.235
129 1.156 -0.002 1.095
101 1.145 -0.043 0.860
179 1.150 -0.057 0.718
53 1.195 0.026 1.236
129 1.172 0.001 1.095
101 1.148 -0.041 0.859
179 1.147 -0.058 0.718
53 1.210 0.036 1.237
129 1.190 0.006 1.095
101 1.161 -0.037 0.859
179 1.153 -0.055 0.717
53 1.211 0.042 1.238
129 1.202 0.014 1.096
101 1.180 -0.026 0.858
179 1.168 -0.044 0.715
53 1.204 0.045 1.238
129 1.205 0.017 1.096
101 1.193 -0.020 0.858
179 1.185 -0.035 0.715
53 1.191 0.050 1.239
129 1.202 0.022 1.097
101 1.203 -0.016 0.858
179 1.198 -0.031 0.715
53 1.174 0.056 1.240
129 1.193 0.030 1.098
101 1.208 -0.011 0.859
179 1.208 -0.028 0.715
53 1.150 0.061 1.240
129 1.177 0.037 1.099
101 1.206 -0.004 0.861
179 1.214 -0.023 0.717
53 1.124 0.064 1.240
129 1.155 0.043 1.099
101 1.196 0.005 0.862
179 1.212 -0.016 0.718
53 1.108 0.072 1.239
129 1.134 0.046 1.100
101 1.178 0.009 0.864
179 1.201 -0.010 0.720
53 1.109 0.074 1.238
129 1.125 0.049 1.098
101 1.160 0.014 0.864
179 1.183 -0.004 0.721
53 1.119 0.072 1.236
129 1.125 0.045 1.097
101 1.151 0.012 0.863
179 1.169 -0.002 0.721
53 1.132 0.072 1.236
129 1.130 0.043 1.096
101 1.144 0.007 0.862
179 1.159 -0.006 0.720
53 1.149 0.074 1.236
129 1.138 0.045 1.096
101 1.139 0.004 0.862
179 1.149 -0.011 0.720
53 1.169 0.076 1.236
129 1.150 0.049 1.096
101 1.137 0.005 0.861
179 1.142 -0.014 0.720
53 1.190 0.079 1.236
129 1.166 0.053 1.095
101 1.141 0.009 0.861
179 1.138 -0.012 0.719
53 1.205 0.089 1.237
129 1.184 0.059 1.096
101 1.153 0.014 0.860
179 1.144 -0.008 0.719
53 1.204 0.095 1.238
129 1.194 0.066 1.096
101 1.171 0.024 0.859
179 1.159 0.002 0.717
53 1.196 0.096 1.238
129 1.195 0.067 1.096
101 1.183 0.028 0.859
179 1.174 0.009 0.716
53 1.183 0.100 1.239
129 1.191 0.071 1.097
101 1.191 0.029 0.859
179 1.187 0.012 0.716
53 1.166 0.105 1.240
129 1.182 0.076 1.098
101 1.195 0.033 0.860
179 1.196 0.014 0.717
53 1.145 0.110 1.240
129 1.168 0.084 1.099
101 1.194 0.039 0.862
179 1.202 0.018 0.718
53 1.119 0.114 1.240
129 1.148 0.090 1.100
101 1.187 0.048 0.863
179 1.202 0.026 0.719
53 1.104 0.123 1.240
129 1.129 0.095 1.100
101 1.171 0.055 0.865
179 1.192 0.034 0.722
53 1.105 0.126 1.238
129 1.119 0.100 1.099
101 1.154 0.062 0.865
179 1.176 0.043 0.723
53 1.114 0.125 1.237
129 1.119 0.098 1.098
101 1.144 0.062 0.864
179 1.163 0.047 0.722
53 1.128 0.126 1.236
129 1.124 0.098 1.097
101 1.138 0.060 0.863
179 1.153 0.047 0.721
53 1.145 0.129 1.236
129 1.133 0.101 1.096
101 1.133 0.061 0.862
179 1.144 0.045 0.720
53 1.164 0.133 1.236
129 1.145 0.107 1.096
101 1.132 0.064 0.861
179 1.138 0.045 0.720
53 1.185 0.137 1.236
129 1.160 0.113 1.095
101 1.136 0.070 0.861
179 1.136 0.048 0.719
53 1.199 0.147 1.237
129 1.178 0.119 1.096
101 1.149 0.075 0.860
179 1.142 0.052 0.719
53 1.198 0.151 1.237
129 1.187 0.124 1.096
101 1.166 0.082 0.859
179 1.156 0.058 0.717
53 1.190 0.150 1.238
129 1.188 0.122 1.096
101 1.177 0.082 0.858
179 1.171 0.061 0.716
53 1.177 0.152 1.239
129 1.184 0.123 1.096
101 1.185 0.080 0.859
179 1.183 0.060 0.716
53 1.159 0.156 1.239
129 1.175 0.127 1.098
101 1.189 0.082 0.860
179 1.192 0.061 0.717
53 1.139 0.161 1.240
129 1.161 0.134 1.099
101 1.188 0.088 0.861
179 1.198 0.065 0.718
53 1.113 0.165 1.240
129 1.142 0.140 1.100
101 1.181 0.098 0.863
179 1.197 0.074 0.719
53 1.098 0.176 1.241
129 1.122 0.147 1.101
101 1.165 0.105 0.865
179 1.187 0.084 0.722
53 1.099 0.180 1.238
129 1.113 0.153 1.099
101 1.148 0.116 0.864
179 1.171 0.096 0.722
53 1.109 0.181 1.237
129 1.114 0.154 1.097
101 1.139 0.119 0.863
179 1.158 0.103 0.721
53 1.123 0.184 1.236
129 1.119 0.158 1.096
101 1.133 0.121 0.861
179 1.149 0.104 0.719
53 1.141 0.189 1.235
129 1.128 0.163 1.095
101 1.130 0.122 0.860
179 1.142 0.101 0.718
53 1.160 0.192 1.235
129 1.142 0.167 1.094
101 1.133 0.122 0.859
179 1.139 0.097 0.717
53 1.183 0.192 1.235
129 1.160 0.169 1.094
101 1.141 0.123 0.859
179 1.141 0.095 0.717
53 1.200 0.197 1.237
129 1.181 0.168 1.095
101 1.157 0.121 0.858
179 1.151 0.095 0.717
53 1.203 0.199 1.238
129 1.195 0.170 1.095
101 1.177 0.124 0.858
179 1.168 0.098 0.715
53 1.197 0.199 1.239
129 1.199 0.169 1.096
101 1.193 0.123 0.858
179 1.186 0.099 0.715
53 1.184 0.204 1.240
129 1.196 0.174 1.097
101 1.203 0.125 0.859
179 1.201 0.099 0.715
53 1.165 0.212 1.241
129 1.186 0.183 1.099
101 1.207 0.133 0.860
179 1.212 0.105 0.717
53 1.140 0.218 1.241
129 1.168 0.192 1.100
101 1.204 0.145 0.862
179 1.217 0.117 0.718
53 1.114 0.222 1.241
129 1.145 0.199 1.100
101 1.192 0.158 0.863
179 1.212 0.132 0.719
53 1.099 0.233 1.241
129 1.126 0.206 1.101
101 1.173 0.167 0.864
179 1.198 0.144 0.721
53 1.101 0.238 1.239
129 1.118 0.214 1.098
101 1.154 0.176 0.862
179 1.178 0.152 0.720
53 1.113 0.239 1.236
129 1.120 0.214 1.095
101 1.144 0.175 0.859
179 1.161 0.151 0.717
53 1.128 0.240 1.235
129 1.126 0.213 1.094
101 1.137 0.168 0.857
179 1.148 0.141 0.715
53 1.145 0.238 1.234
129 1.135 0.209 1.092
101 1.133 0.159 0.856
179 1.139 0.129 0.715
53 1.165 0.233 1.234
129 1.148 0.203 1.092
101 1.134 0.151 0.856
179 1.136 0.119 0.715
53 1.188 0.228 1.235
129 1.167 0.199 1.093
101 1.143 0.147 0.857
179 1.139 0.115 0.715
53 1.207 0.235 1.237
129 1.190 0.200 1.094
101 1.163 0.146 0.857
179 1.153 0.115 0.715
53 1.210 0.243 1.239
129 1.206 0.209 1.096
101 1.188 0.155 0.857
179 1.176 0.123 0.715
53 1.202 0.249 1.240
129 1.209 0.216 1.097
101 1.207 0.162 0.858
179 1.200 0.132 0.715
53 1.187 0.259 1.241
129 1.204 0.227 1.098
101 1.218 0.172 0.859
179 1.219 0.141 0.716
53 1.167 0.268 1.242
129 1.192 0.240 1.100
101 1.222 0.187 0.861
179 1.231 0.154 0.717
53 1.141 0.274 1.242
129 1.172 0.249 1.100
101 1.217 0.202 0.862
179 1.234 0.169 0.718
53 1.115 0.276 1.242
129 1.150 0.253 1.100
101 1.201 0.210 0.862
179 1.224 0.179 0.718
53 1.100 0.285 1.241
129 1.129 0.256 1.100
101 1.176 0.210 0.862
179 1.200 0.180 0.719
53 1.102 0.288 1.238
129 1.117 0.259 1.097
101 1.149 0.210 0.860
179 1.169 0.178 0.718
53 1.110 0.283 1.236
129 1.114 0.252 1.094
101 1.130 0.200 0.858
179 1.143 0.168 0.715
53 1.122 0.278 1.235
129 1.115 0.244 1.093
101 1.116 0.187 0.856
179 1.124 0.153 0.714
53 1.137 0.274 1.234
129 1.122 0.239 1.092
101 1.111 0.177 0.856
179 1.115 0.140 0.715
53 1.159 0.270 1.235
129 1.138 0.235 1.092
101 1.118 0.173 0.857
179 1.117 0.136 0.715
53 1.186 0.268 1.236
129 1.164 0.234 1.093
101 1.137 0.175 0.857
179 1.131 0.139 0.716
53 1.204 0.257 1.236
129 1.189 0.230 1.093
101 1.165 0.182 0.856
179 1.156 0.149 0.714
53 1.210 0.249 1.237
129 1.206 0.221 1.093
101 1.192 0.177 0.855
179 1.184 0.150 0.713
53 1.205 0.253 1.239
129 1.214 0.223 1.095
101 1.215 0.174 0.856
179 1.211 0.147 0.712
53 1.192 0.262 1.241
129 1.213 0.232 1.097
101 1.232 0.178 0.857
179 1.235 0.147 0.714
53 1.172 0.268 1.242
129 1.201 0.241 1.099
101 1.237 0.188 0.860
179 1.249 0.153 0.716
53 1.146 0.270 1.242
129 1.180 0.246 1.100
101 1.229 0.198 0.861
179 1.249 0.166 0.717
53 1.117 0.272 1.242
129 1.153 0.249 1.100
101 1.209 0.207 0.862
179 1.234 0.177 0.718
53 1.106 0.265 1.238
129 1.135 0.249 1.096
101 1.180 0.214 0.859
179 1.204 0.185 0.716
53 1.109 0.258 1.235
129 1.126 0.240 1.093
101 1.157 0.206 0.856
179 1.174 0.180 0.713
53 1.116 0.254 1.233
129 1.121 0.233 1.090
101 1.137 0.194 0.853
179 1.149 0.166 0.711
53 1.124 0.250 1.231
129 1.118 0.225 1.089
101 1.121 0.179 0.852
179 1.130 0.149 0.710
53 1.135 0.243 1.231
129 1.120 0.216 1.088
101 1.111 0.165 0.852
179 1.116 0.133 0.711
53 1.152 0.237 1.231
129 1.129 0.208 1.089
101 1.108 0.156 0.853
179 1.109 0.123 0.712
53 1.177 0.233 1.232
129 1.149 0.205 1.090
101 1.118 0.153 0.854
179 1.113 0.119 0.713
53 1.191 0.221 1.233
129 1.169 0.199 1.090
101 1.140 0.156 0.853
179 1.131 0.124 0.712
53 1.192 0.210 1.233
129 1.182 0.187 1.090
101 1.162 0.149 0.852
179 1.154 0.124 0.711
53 1.187 0.208 1.235
129 1.188 0.182 1.091
101 1.181 0.143 0.853
179 1.176 0.121 0.710
53 1.177 0.211 1.237
129 1.188 0.184 1.093
101 1.196 0.141 0.854
179 1.196 0.118 0.711
53 1.162 0.217 1.238
129 1.183 0.191 1.095
101 1.205 0.145 0.856
179 1.211 0.119 0.713
53 1.141 0.222 1.239
129 1.170 0.198 1.097
101 1.207 0.152 0.859
179 1.220 0.124 0.715
53 1.117 0.226 1.240
129 1.150 0.204 1.098
101 1.198 0.163 0.860
179 1.219 0.135 0.717
53 1.109 0.221 1.237
129 1.138 0.207 1.096
101 1.183 0.175 0.859
179 1.206 0.150 0.717
53 1.116 0.216 1.235
129 1.135 0.203 1.093
101 1.172 0.178 0.857
179 1.193 0.157 0.715
53 1.128 0.215 1.233
129 1.139 0.202 1.091
101 1.165 0.177 0.855
179 1.182 0.158 0.712
53 1.142 0.216 1.231
129 1.145 0.202 1.089
101 1.160 0.175 0.852
179 1.173 0.153 0.710
53 1.158 0.217 1.231
129 1.153 0.202 1.088
101 1.158 0.170 0.851
179 1.166 0.145 0.709
53 1.174 0.215 1.230
129 1.163 0.199 1.088
101 1.158 0.164 0.851
179 1.162 0.139 0.709
53 1.192 0.212 1.231
129 1.174 0.195 1.088
101 1.160 0.160 0.851
179 1.160 0.134 0.709
53 1.202 0.202 1.231
129 1.186 0.191 1.088
101 1.167 0.159 0.850
179 1.164 0.133 0.709
53 1.200 0.194 1.231
129 1.192 0.182 1.087
101 1.177 0.154 0.849
179 1.172 0.132 0.707
53 1.190 0.189 1.232
129 1.191 0.175 1.088
101 1.185 0.148 0.849
179 1.181 0.128 0.707
53 1.176 0.187 1.233
129 1.186 0.172 1.089
101 1.189 0.143 0.849
179 1.188 0.123 0.707
53 1.159 0.188 1.234
129 1.176 0.172 1.090
101 1.191 0.141 0.850
179 1.194 0.120 0.707
53 1.138 0.189 1.235
129 1.162 0.174 1.092
101 1.189 0.142 0.852
179 1.198 0.119 0.709
53 1.111 0.190 1.236
129 1.141 0.177 1.094
101 1.181 0.145 0.855
179 1.197 0.122 0.711
53 1.100 0.185 1.234
129 1.125 0.178 1.092
101 1.166 0.152 0.855
179 1.186 0.130 0.712
53 1.103 0.181 1.232
129 1.118 0.174 1.090
101 1.153 0.155 0.854
179 1.173 0.136 0.712
53 1.112 0.179 1.230
129 1.119 0.173 1.088
101 1.144 0.155 0.852
179 1.162 0.140 0.711
53 1.124 0.180 1.229
129 1.122 0.174 1.087
101 1.138 0.157 0.851
179 1.153 0.141 0.709
53 1.140 0.182 1.228
129 1.129 0.177 1.086
101 1.134 0.157 0.850
179 1.146 0.139 0.709
53 1.158 0.184 1.229
129 1.139 0.179 1.086
101 1.132 0.157 0.850
179 1.141 0.137 0.708
53 1.179 0.184 1.229
129 1.154 0.179 1.087
101 1.135 0.156 0.850
179 1.139 0.134 0.709
53 1.192 0.178 1.230
129 1.170 0.179 1.087
101 1.145 0.158 0.849
179 1.143 0.134 0.708
53 1.191 0.174 1.230
129 1.179 0.174 1.087
101 1.159 0.155 0.848
179 1.153 0.134 0.706
53 1.183 0.171 1.231
129 1.179 0.169 1.086
101 1.168 0.152 0.847
179 1.164 0.133 0.705
53 1.171 0.168 1.231
129 1.176 0.167 1.087
101 1.175 0.150 0.847
179 1.174 0.132 0.704
53 1.155 0.167 1.232
129 1.169 0.165 1.087
101 1.179 0.150 0.847
179 1.182 0.132 0.704
53 1.137 0.166 1.233
129 1.159 0.166 1.089
101 1.181 0.151 0.848
179 1.188 0.133 0.705
53 1.111 0.167 1.234
129 1.140 0.167 1.091
101 1.178 0.154 0.850
179 1.191 0.136 0.706
53 1.099 0.163 1.232
129 1.124 0.170 1.090
101 1.165 0.161 0.852
179 1.186 0.143 0.708
53 1.101 0.164 1.231
129 1.116 0.171 1.089
101 1.153 0.166 0.852
179 1.175 0.151 0.709
53 1.110 0.165 1.229
129 1.117 0.174 1.088
101 1.145 0.171 0.851
179 1.165 0.157 0.708
53 1.124 0.166 1.228
129 1.122 0.177 1.086
101 1.140 0.176 0.850
179 1.157 0.161 0.707
53 1.142 0.165 1.228
129 1.131 0.178 1.086
101 1.138 0.178 0.849
179 1.152 0.162 0.706
53 1.163 0.164 1.229
129 1.145 0.176 1.086
101 1.139 0.177 0.848
179 1.148 0.160 0.706
53 1.187 0.160 1.229
129 1.164 0.172 1.086
101 1.145 0.172 0.848
179 1.148 0.155 0.706
53 1.204 0.149 1.231
129 1.184 0.165 1.087
101 1.159 0.167 0.848
179 1.155 0.151 0.705
53 1.207 0.143 1.232
129 1.198 0.156 1.087
101 1.177 0.159 0.847
179 1.168 0.146 0.704
53 1.201 0.139 1.232
129 1.203 0.150 1.088
101 1.191 0.153 0.846
179 1.183 0.141 0.703
53 1.189 0.133 1.234
129 1.201 0.144 1.089
101 1.201 0.148 0.847
179 1.196 0.138 0.703
53 1.171 0.128 1.235
129 1.192 0.139 1.090
101 1.208 0.146 0.848
179 1.207 0.137 0.704
53 1.144 0.124 1.235
129 1.173 0.135 1.092
101 1.206 0.144 0.850
179 1.215 0.137 0.705
53 1.119 0.124 1.234
129 1.150 0.133 1.092
101 1.195 0.143 0.853
179 1.213 0.138 0.707
53 1.105 0.119 1.234
129 1.132 0.134 1.092
101 1.177 0.146 0.854
179 1.201 0.141 0.710
53 1.107 0.120 1.232
129 1.123 0.135 1.091
101 1.160 0.148 0.854
179 1.185 0.144 0.710
53 1.116 0.124 1.230
129 1.124 0.140 1.089
101 1.151 0.152 0.852
179 1.171 0.147 0.709
53 1.129 0.125 1.230
129 1.128 0.143 1.088
101 1.144 0.157 0.851
179 1.160 0.151 0.708
53 1.146 0.124 1.229
129 1.136 0.144 1.088
101 1.140 0.161 0.850
179 1.152 0.154 0.708
53 1.165 0.121 1.230
129 1.147 0.142 1.087
101 1.138 0.160 0.850
179 1.146 0.153 0.707
53 1.187 0.117 1.230
129 1.164 0.136 1.088
101 1.143 0.155 0.850
179 1.144 0.149 0.707
53 1.204 0.105 1.232
129 1.184 0.129 1.089
101 1.156 0.148 0.850
179 1.150 0.143 0.707
53 1.206 0.099 1.232
129 1.197 0.119 1.089
101 1.174 0.137 0.849
179 1.165 0.134 0.705
53 1.200 0.095 1.233
129 1.201 0.113 1.089
101 1.189 0.129 0.848
179 1.180 0.126 0.704
53 1.187 0.089 1.234
129 1.199 0.107 1.090
101 1.200 0.124 0.849
179 1.194 0.122 0.705
53 1.170 0.083 1.235
129 1.191 0.100 1.092
101 1.205 0.120 0.850
179 1.205 0.120 0.705
53 1.143 0.078 1.235
129 1.172 0.094 1.093
101 1.204 0.116 0.852
179 1.212 0.120 0.707
53 1.119 0.077 1.235
129 1.150 0.091 1.093
101 1.193 0.113 0.854
179 1.210 0.120 0.709
53 1.106 0.071 1.235
129 1.132 0.091 1.094
101 1.175 0.115 0.856
179 1.198 0.121 0.712
53 1.107 0.073 1.233
129 1.123 0.092 1.092
101 1.158 0.116 0.856
179 1.181 0.122 0.712
53 1.116 0.077 1.232
129 1.123 0.099 1.091
101 1.148 0.120 0.855
179 1.167 0.124 0.712
53 1.129 0.079 1.231
129 1.127 0.103 1.090
101 1.141 0.127 0.854
179 1.156 0.129 0.711
53 1.145 0.078 1.231
129 1.134 0.104 1.090
101 1.136 0.132 0.853
179 1.147 0.135 0.710
53 1.164 0.075 1.231
129 1.146 0.101 1.089
101 1.135 0.133 0.853
179 1.141 0.136 0.710
53 1.187 0.072 1.231
129 1.163 0.096 1.090
101 1.141 0.127 0.853
179 1.140 0.132 0.710
53 1.204 0.060 1.233
129 1.184 0.087 1.091
101 1.156 0.120 0.852
179 1.148 0.125 0.709
53 1.207 0.053 1.234
129 1.198 0.077 1.091
101 1.176 0.107 0.852
179 1.165 0.113 0.708
53 1.200 0.048 1.235
129 1.203 0.071 1.092
101 1.192 0.097 0.852
179 1.183 0.103 0.707
53 1.188 0.041 1.236
129 1.201 0.064 1.093
101 1.203 0.091 0.852
179 1.198 0.097 0.708
53 1.168 0.035 1.237
129 1.190 0.056 1.094
101 1.209 0.085 0.854
179 1.210 0.094 0.709
53 1.144 0.030 1.237
129 1.173 0.049 1.095
101 1.207 0.079 0.856
179 1.216 0.091 0.710
53 1.120 0.028 1.236
129 1.152 0.045 1.095
101 1.196 0.074 0.857
179 1.213 0.088 0.712
53 1.106 0.021 1.236
129 1.134 0.043 1.096
101 1.178 0.074 0.859
179 1.200 0.087 0.715
53 1.108 0.022 1.235
129 1.126 0.044 1.095
101 1.161 0.073 0.859
179 1.183 0.086 0.716
53 1.118 0.027 1.234
129 1.127 0.050 1.093
101 1.151 0.078 0.858
179 1.168 0.087 0.715
53 1.132 0.029 1.233
129 1.131 0.055 1.093
101 1.144 0.085 0.857
179 1.157 0.094 0.714
53 1.147 0.028 1.233
129 1.138 0.056 1.092
101 1.140 0.091 0.856
179 1.148 0.100 0.714
53 1.165 0.027 1.233
129 1.149 0.055 1.092
101 1.138 0.094 0.856
179 1.142 0.105 0.713
53 1.186 0.024 1.233
129 1.164 0.051 1.092
101 1.141 0.092 0.856
179 1.140 0.105 0.713
53 1.203 0.012 1.235
129 1.183 0.044 1.093
101 1.155 0.086 0.856
179 1.147 0.100 0.713
53 1.204 0.006 1.236
129 1.197 0.034 1.094
101 1.176 0.073 0.855
179 1.165 0.088 0.712
53 1.197 0.002 1.237
129 1.200 0.029 1.094
101 1.191 0.064 0.855
179 1.183 0.077 0.711
53 1.184 -0.005 1.238
129 1.197 0.021 1.095
101 1.202 0.057 0.856
179 1.198 0.070 0.712
53 1.167 -0.013 1.239
129 1.188 0.012 1.097
101 1.207 0.050 0.857
179 1.209 0.064 0.713
53 1.141 -0.017 1.239
129 1.170 0.005 1.098
101 1.205 0.042 0.859
179 1.215 0.059 0.714
53 1.117 -0.019 1.238
129 1.149 -0.000 1.097
101 1.194 0.034 0.860
179 1.211 0.052 0.716
53 1.103 -0.028 1.239
129 1.131 -0.003 1.099
101 1.177 0.031 0.862
179 1.199 0.048 0.719
53 1.106 -0.028 1.237
129 1.123 -0.004 1.097
101 1.159 0.029 0.862
179 1.181 0.045 0.720
53 1.116 -0.024 1.236
129 1.125 0.001 1.096
101 1.150 0.032 0.861
179 1.167 0.045 0.719
53 1.130 -0.023 1.236
129 1.130 0.004 1.095
101 1.144 0.038 0.860
179 1.157 0.050 0.718
53 1.146 -0.024 1.235
129 1.138 0.004 1.095
101 1.140 0.043 0.860
179 1.148 0.056 0.717
53 1.164 -0.026 1.235
129 1.148 0.003 1.095
101 1.138 0.045 0.859
179 1.141 0.061 0.717
53 1.185 -0.027 1.236
129 1.162 0.000 1.095
101 1.140 0.044 0.859
179 1.138 0.062 0.717
53 1.199 -0.038 1.237
129 1.180 -0.006 1.096
101 1.152 0.041 0.859
179 1.143 0.060 0.717
53 1.200 -0.044 1.238
129 1.191 -0.014 1.096
101 1.170 0.031 0.858
179 1.159 0.051 0.715
53 1.190 -0.047 1.239
129 1.192 -0.017 1.097
101 1.184 0.024 0.858
179 1.176 0.042 0.715
53 1.176 -0.052 1.240
129 1.187 -0.023 1.098
101 1.192 0.019 0.859
179 1.190 0.036 0.715
53 1.158 -0.059 1.240
129 1.177 -0.031 1.099
101 1.196 0.012 0.860
179 1.199 0.030 0.716
53 1.135 -0.064 1.241
129 1.161 -0.038 1.100
101 1.194 0.003 0.862
179 1.204 0.024 0.718
53 1.109 -0.067 1.240
129 1.140 -0.044 1.100
101 1.184 -0.006 0.863
179 1.201 0.016 0.719
53 1.095 -0.076 1.241
129 1.121 -0.049 1.101
101 1.166 -0.010 0.866
179 1.189 0.009 0.722
53 1.097 -0.077 1.240
129 1.113 -0.051 1.100
101 1.149 -0.015 0.866
179 1.171 0.003 0.723
53 1.107 -0.075 1.239
129 1.114 -0.048 1.099
101 1.139 -0.013 0.864
179 1.157 0.002 0.722
53 1.122 -0.076 1.238
129 1.119 -0.048 1.098
101 1.132 -0.010 0.863
179 1.146 0.004 0.721
53 1.139 -0.079 1.238
129 1.128 -0.050 1.097
101 1.128 -0.009 0.863
179 1.136 0.006 0.720
53 1.157 -0.082 1.237
129 1.139 -0.054 1.097
101 1.126 -0.011 0.862
179 1.130 0.007 0.720
53 1.178 -0.084 1.237
129 1.154 -0.059 1.097
101 1.129 -0.015 0.861
179 1.127 0.005 0.719
53 1.192 -0.095 1.239
129 1.171 -0.065 1.098
101 1.141 -0.019 0.861
179 1.133 0.002 0.719
53 1.192 -0.099 1.240
129 1.182 -0.071 1.098
101 1.159 -0.028 0.860
179 1.148 -0.006 0.718
53 1.182 -0.101 1.240
129 1.182 -0.073 1.098
101 1.172 -0.033 0.860
179 1.165 -0.013 0.717
53 1.167 -0.106 1.241
129 1.176 -0.078 1.099
101 1.180 -0.036 0.861
179 1.178 -0.018 0.717
53 1.150 -0.111 1.242
129 1.167 -0.083 1.100
101 1.183 -0.041 0.862
179 1.187 -0.022 0.718
53 1.130 -0.117 1.243
129 1.154 -0.091 1.101
101 1.182 -0.049 0.863
179 1.192 -0.028 0.720
53 1.103 -0.120 1.242
129 1.133 -0.097 1.102
101 1.175 -0.058 0.865
179 1.192 -0.036 0.721
53 1.089 -0.130 1.244
129 1.114 -0.103 1.104
101 1.158 -0.065 0.868
179 1.181 -0.045 0.724
53 1.091 -0.132 1.242
129 1.106 -0.107 1.102
101 1.141 -0.072 0.868
179 1.164 -0.053 0.725
53 1.101 -0.132 1.241
129 1.107 -0.106 1.101
101 1.132 -0.073 0.866
179 1.151 -0.058 0.724
53 1.116 -0.135 1.240
129 1.113 -0.109 1.099
101 1.126 -0.073 0.864
179 1.140 -0.059 0.722
53 1.133 -0.139 1.239
129 1.122 -0.114 1.098
101 1.123 -0.076 0.863
179 1.132 -0.060 0.721
53 1.152 -0.143 1.239
129 1.134 -0.120 1.097
101 1.122 -0.081 0.862
179 1.128 -0.061 0.720
53 1.173 -0.147 1.239
129 1.149 -0.126 1.097
101 1.127 -0.086 0.861
179 1.128 -0.064 0.719
53 1.188 -0.156 1.240
129 1.167 -0.130 1.098
101 1.141 -0.089 0.861
179 1.135 -0.066 0.719
53 1.188 -0.160 1.241
129 1.178 -0.135 1.098
101 1.159 -0.094 0.860
179 1.151 -0.070 0.717
53 1.179 -0.161 1.242
129 1.180 -0.135 1.099
101 1.172 -0.096 0.860
179 1.167 -0.074 0.717
53 1.165 -0.164 1.243
129 1.175 -0.138 1.100
101 1.181 -0.098 0.861
179 1.181 -0.077 0.717
53 1.148 -0.169 1.244
129 1.166 -0.143 1.101
101 1.186 -0.102 0.862
179 1.191 -0.081 0.718
53 1.128 -0.175 1.244
129 1.153 -0.151 1.102
101 1.185 -0.110 0.864
179 1.197 -0.087 0.720
53 1.100 -0.178 1.244
129 1.131 -0.158 1.103
101 1.176 -0.121 0.865
179 1.196 -0.098 0.721
53 1.086 -0.188 1.246
129 1.113 -0.163 1.105
101 1.159 -0.128 0.868
179 1.184 -0.109 0.724
53 1.089 -0.191 1.244
129 1.105 -0.168 1.103
101 1.142 -0.136 0.867
179 1.166 -0.118 0.724
53 1.101 -0.193 1.242
129 1.108 -0.170 1.100
101 1.133 -0.139 0.864
179 1.153 -0.122 0.721
53 1.116 -0.197 1.240
129 1.114 -0.175 1.099
101 1.128 -0.140 0.862
179 1.143 -0.121 0.719
53 1.134 -0.201 1.239
129 1.125 -0.179 1.097
101 1.127 -0.139 0.860
179 1.137 -0.116 0.718
53 1.154 -0.202 1.239
129 1.138 -0.180 1.096
101 1.130 -0.137 0.860
179 1.136 -0.110 0.717
53 1.177 -0.200 1.239
129 1.156 -0.178 1.096
101 1.138 -0.134 0.859
179 1.138 -0.106 0.717
53 1.190 -0.186 1.239
129 1.173 -0.170 1.096
101 1.153 -0.133 0.858
179 1.148 -0.107 0.716
53 1.191 -0.174 1.239
129 1.185 -0.157 1.096
101 1.170 -0.126 0.857
179 1.163 -0.105 0.714
53 1.184 -0.169 1.241
129 1.188 -0.149 1.096
101 1.184 -0.117 0.857
179 1.179 -0.099 0.714
53 1.171 -0.170 1.242
129 1.184 -0.147 1.098
101 1.193 -0.113 0.858
179 1.193 -0.094 0.714
53 1.154 -0.174 1.244
129 1.175 -0.151 1.101
101 1.198 -0.113 0.860
179 1.204 -0.092 0.716
53 1.128 -0.177 1.245
129 1.156 -0.156 1.102
101 1.194 -0.118 0.863
179 1.208 -0.095 0.719
53 1.103 -0.180 1.245
129 1.134 -0.161 1.103
101 1.181 -0.126 0.865
179 1.203 -0.103 0.721
53 1.094 -0.171 1.240
129 1.120 -0.160 1.099
101 1.164 -0.134 0.863
179 1.188 -0.114 0.720
53 1.099 -0.162 1.238
129 1.117 -0.152 1.097
101 1.152 -0.134 0.861
179 1.175 -0.120 0.719
53 1.110 -0.158 1.236
129 1.119 -0.147 1.095
101 1.145 -0.130 0.859
179 1.164 -0.119 0.716
53 1.123 -0.159 1.235
129 1.123 -0.147 1.093
101 1.140 -0.128 0.857
179 1.155 -0.115 0.715
53 1.138 -0.162 1.235
129 1.130 -0.149 1.093
101 1.137 -0.125 0.856
179 1.149 -0.109 0.714
53 1.156 -0.165 1.235
129 1.140 -0.151 1.092
101 1.136 -0.122 0.856
179 1.144 -0.102 0.714
53 1.176 -0.166 1.235
129 1.154 -0.152 1.092
101 1.138 -0.120 0.856
179 1.142 -0.098 0.714
53 1.187 -0.157 1.235
129 1.168 -0.149 1.092
101 1.147 -0.121 0.855
179 1.144 -0.098 0.713
53 1.185 -0.147 1.235
129 1.175 -0.140 1.092
101 1.157 -0.116 0.853
179 1.152 -0.097 0.711
53 1.176 -0.142 1.235
129 1.175 -0.133 1.091
101 1.165 -0.111 0.852
179 1.161 -0.094 0.710
53 1.163 -0.140 1.236
129 1.169 -0.128 1.092
101 1.170 -0.106 0.853
179 1.168 -0.090 0.710
53 1.146 -0.140 1.237
129 1.160 -0.127 1.093
101 1.171 -0.103 0.853
179 1.174 -0.087 0.711
53 1.126 -0.142 1.238
129 1.147 -0.129 1.095
101 1.170 -0.103 0.855
179 1.177 -0.086 0.712
53 1.099 -0.145 1.238
129 1.127 -0.132 1.096
101 1.164 -0.106 0.857
179 1.177 -0.088 0.713
53 1.088 -0.139 1.235
129 1.111 -0.134 1.093
101 1.149 -0.113 0.856
179 1.169 -0.094 0.714
53 1.091 -0.134 1.233
129 1.105 -0.130 1.092
101 1.137 -0.114 0.856
179 1.157 -0.100 0.714
53 1.100 -0.132 1.231
129 1.105 -0.128 1.090
101 1.129 -0.115 0.855
179 1.147 -0.103 0.713
53 1.111 -0.132 1.230
129 1.107 -0.129 1.089
101 1.122 -0.117 0.854
179 1.139 -0.105 0.712
53 1.125 -0.135 1.230
129 1.112 -0.132 1.088
101 1.117 -0.119 0.853
179 1.131 -0.106 0.712
53 1.144 -0.139 1.230
129 1.122 -0.137 1.088
101 1.115 -0.121 0.853
179 1.126 -0.106 0.712
53 1.168 -0.141 1.231
129 1.140 -0.140 1.089
101 1.118 -0.123 0.853
179 1.123 -0.106 0.712
53 1.183 -0.135 1.232
129 1.159 -0.141 1.089
101 1.131 -0.127 0.852
179 1.128 -0.107 0.710
53 1.184 -0.130 1.232
129 1.170 -0.135 1.089
101 1.146 -0.125 0.850
179 1.140 -0.107 0.709
53 1.176 -0.127 1.232
129 1.172 -0.132 1.088
101 1.158 -0.122 0.849
179 1.152 -0.106 0.707
53 1.165 -0.126 1.232
129 1.170 -0.130 1.088
101 1.166 -0.121 0.849
179 1.163 -0.106 0.706
53 1.150 -0.125 1.233
129 1.164 -0.129 1.089
101 1.171 -0.122 0.849
179 1.172 -0.107 0.706
53 1.129 -0.126 1.234
129 1.152 -0.130 1.091
101 1.173 -0.124 0.850
179 1.178 -0.111 0.707
53 1.103 -0.128 1.234
129 1.133 -0.133 1.092
101 1.169 -0.129 0.852
179 1.181 -0.116 0.708
53 1.089 -0.125 1.232
129 1.114 -0.137 1.090
101 1.155 -0.137 0.853
179 1.176 -0.125 0.709
53 1.088 -0.126 1.230
129 1.104 -0.139 1.090
101 1.141 -0.143 0.853
179 1.164 -0.133 0.711
53 1.095 -0.129 1.229
129 1.102 -0.145 1.089
101 1.131 -0.151 0.853
179 1.154 -0.141 0.710
53 1.109 -0.131 1.228
129 1.106 -0.150 1.088
101 1.126 -0.159 0.852
179 1.146 -0.148 0.710
53 1.129 -0.129 1.228
129 1.117 -0.149 1.087
101 1.125 -0.162 0.851
179 1.141 -0.151 0.709
53 1.154 -0.124 1.229
129 1.135 -0.144 1.087
101 1.129 -0.158 0.851
179 1.140 -0.147 0.709
53 1.180 -0.119 1.230
129 1.158 -0.136 1.088
101 1.139 -0.149 0.850
179 1.143 -0.139 0.708
53 1.198 -0.108 1.231
129 1.180 -0.128 1.088
101 1.156 -0.141 0.849
179 1.152 -0.131 0.707
53 1.203 -0.099 1.231
129 1.196 -0.117 1.088
101 1.176 -0.130 0.848
179 1.167 -0.122 0.706
53 1.198 -0.095 1.232
129 1.202 -0.111 1.088
101 1.191 -0.123 0.848
179 1.183 -0.116 0.705
53 1.187 -0.090 1.234
129 1.202 -0.106 1.089
101 1.203 -0.120 0.848
179 1.196 -0.114 0.705
53 1.163 -0.086 1.234
129 1.188 -0.101 1.091
101 1.208 -0.117 0.850
179 1.207 -0.115 0.705
53 1.140 -0.084 1.234
129 1.169 -0.097 1.092
101 1.203 -0.116 0.852
179 1.212 -0.116 0.707
53 1.113 -0.084 1.234
129 1.144 -0.096 1.092
101 1.190 -0.115 0.854
179 1.208 -0.118 0.709
53 1.098 -0.078 1.232
129 1.125 -0.098 1.091
101 1.169 -0.119 0.854
179 1.194 -0.121 0.711
53 1.098 -0.079 1.230
129 1.114 -0.099 1.089
101 1.151 -0.120 0.854
179 1.176 -0.123 0.711
53 1.106 -0.084 1.228
129 1.113 -0.106 1.088
101 1.140 -0.126 0.853
179 1.162 -0.126 0.710
53 1.118 -0.088 1.228
129 1.116 -0.113 1.087
101 1.133 -0.135 0.852
179 1.151 -0.133 0.710
53 1.134 -0.087 1.227
129 1.123 -0.113 1.087
101 1.128 -0.141 0.851
179 1.142 -0.139 0.709
53 1.155 -0.083 1.228
129 1.137 -0.109 1.087
101 1.128 -0.140 0.851
179 1.137 -0.139 0.709
53 1.179 -0.078 1.228
129 1.156 -0.101 1.087
101 1.135 -0.132 0.851
179 1.138 -0.133 0.709
53 1.196 -0.065 1.229
129 1.178 -0.092 1.088
101 1.151 -0.123 0.850
179 1.147 -0.124 0.708
53 1.200 -0.056 1.230
129 1.192 -0.080 1.088
101 1.171 -0.108 0.849
179 1.163 -0.112 0.706
53 1.195 -0.053 1.231
129 1.197 -0.076 1.088
101 1.187 -0.101 0.849
179 1.179 -0.104 0.705
53 1.183 -0.048 1.232
129 1.196 -0.071 1.089
101 1.197 -0.098 0.849
179 1.192 -0.101 0.705
53 1.161 -0.044 1.233
129 1.184 -0.066 1.091
101 1.202 -0.096 0.850
179 1.202 -0.103 0.706
53 1.138 -0.041 1.233
129 1.166 -0.062 1.091
101 1.198 -0.094 0.852
179 1.206 -0.105 0.708
53 1.111 -0.041 1.232
129 1.142 -0.060 1.092
101 1.185 -0.092 0.854
179 1.202 -0.105 0.709
53 1.095 -0.035 1.231
129 1.121 -0.061 1.091
101 1.164 -0.094 0.855
179 1.187 -0.106 0.711
53 1.095 -0.035 1.229
129 1.110 -0.061 1.089
101 1.144 -0.093 0.854
179 1.168 -0.105 0.712
53 1.102 -0.040 1.227
129 1.108 -0.068 1.088
101 1.132 -0.099 0.853
179 1.152 -0.106 0.711
53 1.115 -0.042 1.227
129 1.110 -0.072 1.087
101 1.123 -0.107 0.853
179 1.139 -0.113 0.711
53 1.132 -0.039 1.227
129 1.118 -0.070 1.087
101 1.118 -0.111 0.852
179 1.130 -0.118 0.710
53 1.152 -0.035 1.227
129 1.132 -0.065 1.087
101 1.119 -0.107 0.852
179 1.125 -0.117 0.710
53 1.176 -0.031 1.227
129 1.152 -0.057 1.087
101 1.127 -0.097 0.852
179 1.128 -0.109 0.710
53 1.193 -0.017 1.229
129 1.173 -0.048 1.088
101 1.145 -0.087 0.851
179 1.139 -0.098 0.709
53 1.196 -0.009 1.229
129 1.188 -0.036 1.088
101 1.166 -0.072 0.851
179 1.157 -0.084 0.708
53 1.191 -0.006 1.230
129 1.193 -0.033 1.088
101 1.182 -0.065 0.850
179 1.173 -0.075 0.707
53 1.180 -0.002 1.231
129 1.191 -0.029 1.089
101 1.192 -0.064 0.850
179 1.186 -0.074 0.707
53 1.159 0.003 1.232
129 1.180 -0.024 1.090
101 1.196 -0.063 0.851
179 1.196 -0.077 0.708
53 1.135 0.005 1.232
129 1.162 -0.020 1.091
101 1.192 -0.062 0.853
179 1.199 -0.079 0.709
53 1.108 0.005 1.232
129 1.139 -0.019 1.092
101 1.179 -0.060 0.855
179 1.194 -0.080 0.711
53 1.091 0.011 1.231
129 1.117 -0.019 1.091
101 1.158 -0.062 0.856
179 1.179 -0.080 0.713
53 1.090 0.010 1.228
129 1.103 -0.020 1.089
101 1.136 -0.060 0.856
179 1.158 -0.078 0.714
53 1.097 0.006 1.227
129 1.101 -0.026 1.088
101 1.122 -0.065 0.855
179 1.141 -0.079 0.713
53 1.110 0.007 1.227
129 1.103 -0.028 1.088
101 1.112 -0.072 0.854
179 1.127 -0.085 0.712
53 1.127 0.010 1.226
129 1.112 -0.024 1.087
101 1.106 -0.073 0.854
179 1.116 -0.089 0.712
53 1.148 0.014 1.227
129 1.126 -0.018 1.087
101 1.108 -0.067 0.853
179 1.113 -0.085 0.712
53 1.172 0.018 1.227
129 1.146 -0.010 1.087
101 1.119 -0.055 0.853
179 1.118 -0.074 0.712
53 1.189 0.032 1.229
129 1.168 0.000 1.088
101 1.139 -0.044 0.853
179 1.132 -0.062 0.711
53 1.192 0.040 1.229
129 1.183 0.011 1.088
101 1.161 -0.030 0.852
179 1.151 -0.048 0.710
53 1.187 0.043 1.230
129 1.188 0.014 1.088
101 1.176 -0.024 0.851
179 1.168 -0.039 0.709
53 1.176 0.047 1.231
129 1.187 0.017 1.089
101 1.186 -0.024 0.852
179 1.180 -0.039 0.709
53 1.157 0.051 1.232
129 1.177 0.021 1.090
101 1.191 -0.024 0.853
179 1.189 -0.041 0.709
53 1.131 0.053 1.232
129 1.158 0.025 1.091
101 1.186 -0.021 0.854
179 1.192 -0.043 0.711
53 1.105 0.053 1.232
129 1.135 0.026 1.092
101 1.173 -0.019 0.856
179 1.186 -0.043 0.712
53 1.087 0.061 1.231
129 1.112 0.028 1.092
101 1.151 -0.020 0.857
179 1.171 -0.043 0.714
53 1.086 0.060 1.229
129 1.098 0.028 1.090
101 1.128 -0.018 0.857
179 1.149 -0.040 0.715
53 1.093 0.056 1.227
129 1.095 0.022 1.089
101 1.113 -0.024 0.856
179 1.130 -0.043 0.715
53 1.106 0.057 1.227
129 1.098 0.020 1.088
101 1.102 -0.031 0.855
179 1.115 -0.050 0.714
53 1.124 0.060 1.226
129 1.107 0.024 1.088
101 1.097 -0.030 0.855
179 1.104 -0.052 0.714
53 1.144 0.063 1.227
129 1.121 0.030 1.087
101 1.100 -0.023 0.854
179 1.102 -0.047 0.714
53 1.168 0.068 1.227
129 1.141 0.038 1.088
101 1.112 -0.011 0.854
179 1.110 -0.035 0.714
53 1.186 0.082 1.229
129 1.165 0.048 1.089
101 1.134 -0.000 0.854
179 1.126 -0.023 0.713
53 1.189 0.090 1.229
129 1.180 0.059 1.089
101 1.158 0.014 0.853
179 1.148 -0.008 0.711
53 1.184 0.092 1.230
129 1.185 0.061 1.089
101 1.174 0.019 0.853
179 1.166 0.000 0.710
53 1.173 0.097 1.231
129 1.184 0.065 1.090
101 1.185 0.019 0.853
179 1.180 0.001 0.710
53 1.154 0.101 1.232
129 1.175 0.070 1.091
101 1.190 0.021 0.854
179 1.189 0.001 0.711
53 1.130 0.104 1.232
129 1.157 0.075 1.092
101 1.186 0.026 0.856
179 1.192 0.002 0.713
53 1.104 0.107 1.232
129 1.134 0.079 1.093
101 1.173 0.032 0.858
179 1.187 0.006 0.715
53 1.088 0.116 1.232
129 1.113 0.083 1.093
101 1.153 0.034 0.859
179 1.172 0.009 0.717
53 1.088 0.116 1.230
129 1.101 0.084 1.092
101 1.132 0.037 0.859
179 1.151 0.013 0.717
53 1.096 0.112 1.228
129 1.099 0.078 1.090
101 1.118 0.032 0.858
179 1.133 0.011 0.717
53 1.108 0.111 1.228
129 1.102 0.075 1.089
101 1.107 0.025 0.857
179 1.119 0.004 0.716
53 1.124 0.112 1.227
129 1.109 0.077 1.088
101 1.100 0.022 0.856
179 1.107 -0.002 0.716
53 1.143 0.115 1.227
129 1.121 0.081 1.088
101 1.100 0.025 0.856
179 1.102 -0.002 0.715
53 1.165 0.118 1.227
129 1.139 0.086 1.088
101 1.109 0.033 0.855
179 1.106 0.004 0.715
53 1.182 0.130 1.229
129 1.161 0.094 1.089
101 1.130 0.040 0.855
179 1.122 0.013 0.714
53 1.185 0.136 1.230
129 1.175 0.103 1.089
101 1.155 0.053 0.855
179 1.145 0.027 0.713
53 1.179 0.139 1.231
129 1.180 0.106 1.090
101 1.172 0.058 0.854
179 1.165 0.035 0.712
53 1.167 0.145 1.232
129 1.179 0.110 1.091
101 1.183 0.060 0.855
179 1.180 0.038 0.712
53 1.151 0.151 1.233
129 1.171 0.118 1.092
101 1.188 0.065 0.856
179 1.191 0.041 0.713
53 1.125 0.154 1.233
129 1.153 0.124 1.094
101 1.186 0.074 0.858
179 1.196 0.047 0.715
53 1.101 0.157 1.233
129 1.132 0.130 1.094
101 1.174 0.083 0.859
179 1.191 0.057 0.717
53 1.085 0.168 1.233
129 1.112 0.136 1.095
101 1.156 0.089 0.861
179 1.178 0.065 0.719
53 1.086 0.171 1.231
129 1.102 0.140 1.093
101 1.137 0.097 0.861
179 1.160 0.074 0.719
53 1.096 0.169 1.229
129 1.102 0.138 1.091
101 1.126 0.096 0.859
179 1.145 0.077 0.718
53 1.109 0.170 1.228
129 1.106 0.138 1.090
101 1.119 0.094 0.857
179 1.134 0.076 0.716
53 1.125 0.173 1.228
129 1.113 0.141 1.089
101 1.114 0.093 0.856
179 1.125 0.073 0.716
53 1.142 0.175 1.227
129 1.123 0.144 1.088
101 1.113 0.094 0.856
179 1.120 0.069 0.715
53 1.163 0.177 1.227
129 1.139 0.148 1.088
101 1.118 0.096 0.856
179 1.119 0.068 0.715
53 1.178 0.186 1.229
129 1.158 0.151 1.089
101 1.132 0.097 0.855
179 1.127 0.069 0.714
53 1.178 0.189 1.230
129 1.169 0.155 1.089
101 1.150 0.103 0.854
179 1.142 0.075 0.713
53 1.169 0.189 1.230
129 1.169 0.154 1.089
101 1.162 0.103 0.854
179 1.157 0.077 0.712
53 1.155 0.192 1.231
129 1.164 0.156 1.090
101 1.169 0.103 0.855
179 1.169 0.077 0.713
53 1.136 0.197 1.232
129 1.153 0.162 1.092
101 1.171 0.107 0.856
179 1.176 0.080 0.714
53 1.115 0.202 1.232
129 1.137 0.169 1.093
101 1.166 0.115 0.857
179 1.178 0.087 0.715
53 1.088 0.205 1.233
129 1.116 0.175 1.093
101 1.156 0.125 0.858
179 1.174 0.097 0.716
53 1.072 0.216 1.233
129 1.095 0.181 1.094
101 1.138 0.132 0.860
179 1.161 0.107 0.718
53 1.072 0.222 1.230
129 1.084 0.190 1.092
101 1.117 0.143 0.859
179 1.141 0.119 0.718
53 1.081 0.224 1.228
129 1.083 0.192 1.090
101 1.106 0.147 0.857
179 1.126 0.125 0.716
53 1.095 0.228 1.227
129 1.088 0.195 1.088
101 1.100 0.146 0.855
179 1.117 0.122 0.714
53 1.113 0.230 1.226
129 1.099 0.198 1.087
101 1.100 0.144 0.854
179 1.113 0.115 0.714
53 1.136 0.229 1.226
129 1.117 0.198 1.087
101 1.108 0.141 0.854
179 1.116 0.110 0.713
53 1.163 0.226 1.227
129 1.141 0.195 1.087
101 1.122 0.140 0.854
179 1.123 0.108 0.713
53 1.184 0.232 1.229
129 1.168 0.195 1.088
101 1.145 0.138 0.853
179 1.139 0.107 0.713
53 1.189 0.236 1.231
129 1.185 0.200 1.089
101 1.170 0.144 0.853
179 1.162 0.113 0.712
53 1.183 0.240 1.232
129 1.191 0.204 1.090
101 1.189 0.148 0.854
179 1.184 0.118 0.712
53 1.169 0.248 1.233
129 1.187 0.213 1.092
101 1.201 0.155 0.855
179 1.202 0.124 0.712
53 1.146 0.256 1.234
129 1.172 0.224 1.093
101 1.203 0.169 0.857
179 1.212 0.136 0.714
53 1.121 0.261 1.234
129 1.152 0.234 1.094
101 1.196 0.183 0.858
179 1.213 0.152 0.715
53 1.097 0.267 1.234
129 1.130 0.241 1.094
101 1.181 0.196 0.858
179 1.205 0.167 0.716
53 1.083 0.279 1.233
129 1.112 0.249 1.093
101 1.162 0.203 0.858
179 1.188 0.174 0.716
53 1.087 0.283 1.230
129 1.106 0.255 1.091
101 1.143 0.207 0.856
179 1.165 0.177 0.714
53 1.100 0.280 1.228
129 1.109 0.249 1.088
101 1.132 0.199 0.853
179 1.147 0.169 0.712
53 1.116 0.275 1.227
129 1.116 0.242 1.086
101 1.125 0.186 0.851
179 1.136 0.154 0.710
53 1.133 0.269 1.226
129 1.125 0.234 1.085
101 1.123 0.174 0.851
179 1.130 0.139 0.710
53 1.152 0.264 1.227
129 1.139 0.227 1.086
101 1.127 0.165 0.851
179 1.129 0.130 0.711
53 1.176 0.261 1.227
129 1.158 0.225 1.086
101 1.138 0.164 0.852
179 1.134 0.129 0.711
53 1.190 0.249 1.227
129 1.176 0.220 1.086
101 1.155 0.169 0.851
179 1.148 0.135 0.710
53 1.191 0.241 1.228
129 1.187 0.210 1.086
101 1.173 0.162 0.850
179 1.165 0.134 0.709
53 1.182 0.244 1.230
129 1.189 0.210 1.088
101 1.186 0.158 0.850
179 1.182 0.129 0.709
53 1.166 0.251 1.231
129 1.182 0.218 1.089
101 1.195 0.161 0.852
179 1.196 0.129 0.710
53 1.145 0.257 1.232
129 1.169 0.225 1.091
101 1.195 0.168 0.854
179 1.204 0.135 0.712
53 1.118 0.260 1.232
129 1.147 0.231 1.092
101 1.188 0.179 0.856
179 1.204 0.146 0.713
53 1.090 0.262 1.232
129 1.123 0.236 1.092
101 1.171 0.189 0.857
179 1.194 0.159 0.714
53 1.080 0.256 1.229
129 1.106 0.237 1.089
101 1.151 0.200 0.855
179 1.176 0.173 0.713
53 1.084 0.250 1.226
129 1.101 0.230 1.086
101 1.138 0.197 0.852
179 1.160 0.173 0.710
53 1.095 0.248 1.224
129 1.103 0.226 1.084
101 1.129 0.189 0.849
179 1.148 0.163 0.708
53 1.109 0.246 1.223
129 1.109 0.221 1.082
101 1.124 0.176 0.848
179 1.139 0.147 0.707
53 1.126 0.241 1.223
129 1.118 0.214 1.082
101 1.122 0.164 0.847
179 1.133 0.134 0.707
53 1.145 0.236 1.223
129 1.131 0.207 1.082
101 1.123 0.156 0.848
179 1.129 0.125 0.708
53 1.167 0.232 1.224
129 1.147 0.204 1.083
101 1.128 0.152 0.849
179 1.129 0.120 0.708
53 1.179 0.221 1.224
129 1.161 0.199 1.082
101 1.140 0.153 0.848
179 1.136 0.121 0.708
53 1.177 0.211 1.224
129 1.168 0.187 1.082
101 1.152 0.146 0.846
179 1.147 0.119 0.706
53 1.167 0.208 1.225
129 1.168 0.181 1.083
101 1.161 0.139 0.846
179 1.157 0.114 0.705
53 1.153 0.208 1.226
129 1.162 0.181 1.084
101 1.166 0.135 0.847
179 1.166 0.109 0.706
53 1.135 0.212 1.228
129 1.151 0.184 1.086
101 1.166 0.135 0.849
179 1.171 0.107 0.707
53 1.112 0.214 1.229
129 1.135 0.187 1.087
101 1.162 0.138 0.851
179 1.172 0.108 0.709
53 1.086 0.216 1.229
129 1.113 0.191 1.088
101 1.151 0.144 0.852
179 1.167 0.114 0.711
53 1.074 0.209 1.226
129 1.097 0.191 1.086
101 1.134 0.152 0.852
179 1.153 0.125 0.711
53 1.076 0.202 1.224
129 1.089 0.184 1.084
101 1.119 0.152 0.850
179 1.139 0.130 0.710
53 1.083 0.201 1.222
129 1.086 0.181 1.082
101 1.108 0.150 0.849
179 1.127 0.129 0.708
53 1.094 0.202 1.221
129 1.087 0.182 1.081
101 1.100 0.147 0.848
179 1.117 0.125 0.707
53 1.109 0.206 1.221
129 1.093 0.185 1.081
101 1.096 0.144 0.847
179 1.110 0.119 0.707
53 1.128 0.207 1.221
129 1.106 0.187 1.081
101 1.096 0.142 0.848
179 1.106 0.114 0.708
53 1.153 0.207 1.222
129 1.125 0.187 1.081
101 1.103 0.142 0.848
179 1.106 0.112 0.708
53 1.165 0.198 1.222
129 1.142 0.185 1.081
101 1.118 0.146 0.847
179 1.115 0.115 0.707
53 1.162 0.191 1.222
129 1.149 0.177 1.080
101 1.131 0.142 0.845
179 1.128 0.116 0.705
53 1.152 0.186 1.222
129 1.148 0.170 1.080
101 1.140 0.138 0.844
179 1.140 0.114 0.703
53 1.140 0.183 1.222
129 1.143 0.166 1.080
101 1.146 0.134 0.843
179 1.148 0.111 0.703
53 1.126 0.183 1.223
129 1.137 0.165 1.081
101 1.148 0.131 0.844
179 1.154 0.109 0.703
53 1.109 0.184 1.224
129 1.128 0.167 1.082
101 1.148 0.131 0.845
179 1.157 0.108 0.703
53 1.086 0.186 1.225
129 1.112 0.170 1.083
101 1.144 0.134 0.846
179 1.157 0.109 0.705
53 1.076 0.183 1.224
129 1.098 0.173 1.082
101 1.132 0.141 0.847
179 1.149 0.116 0.706
53 1.079 0.181 1.222
129 1.092 0.172 1.081
101 1.120 0.145 0.846
179 1.138 0.122 0.706
53 1.086 0.180 1.220
129 1.090 0.172 1.079
101 1.110 0.147 0.845
179 1.127 0.126 0.705
53 1.096 0.182 1.219
129 1.090 0.175 1.078
101 1.102 0.149 0.844
179 1.117 0.128 0.704
53 1.109 0.185 1.219
129 1.093 0.179 1.077
101 1.095 0.152 0.844
179 1.109 0.129 0.704
53 1.127 0.188 1.219
129 1.102 0.182 1.078
101 1.091 0.152 0.844
179 1.102 0.127 0.704
53 1.151 0.188 1.220
129 1.120 0.183 1.078
101 1.095 0.153 0.844
179 1.099 0.126 0.704
53 1.167 0.180 1.221
129 1.140 0.182 1.079
101 1.109 0.156 0.843
179 1.106 0.128 0.703
53 1.166 0.178 1.221
129 1.149 0.177 1.078
101 1.125 0.154 0.842
179 1.120 0.128 0.702
53 1.157 0.177 1.221
129 1.150 0.175 1.078
101 1.136 0.152 0.840
179 1.134 0.128 0.700
53 1.145 0.175 1.221
129 1.147 0.174 1.078
101 1.144 0.152 0.840
179 1.144 0.129 0.699
53 1.131 0.175 1.222
129 1.141 0.175 1.078
101 1.148 0.154 0.840
179 1.151 0.131 0.699
53 1.114 0.176 1.223
129 1.133 0.178 1.080
101 1.150 0.158 0.841
179 1.156 0.136 0.699
53 1.088 0.179 1.224
129 1.115 0.182 1.081
101 1.147 0.165 0.842
179 1.158 0.142 0.700
53 1.074 0.177 1.223
129 1.097 0.187 1.082
101 1.135 0.176 0.844
179 1.152 0.153 0.702
53 1.072 0.178 1.222
129 1.086 0.191 1.081
101 1.121 0.184 0.844
179 1.141 0.163 0.702
53 1.080 0.180 1.220
129 1.083 0.195 1.079
101 1.110 0.191 0.843
179 1.130 0.171 0.702
53 1.093 0.179 1.220
129 1.087 0.197 1.079
101 1.104 0.197 0.843
179 1.123 0.176 0.701
53 1.114 0.175 1.220
129 1.099 0.194 1.078
101 1.104 0.195 0.842
179 1.120 0.174 0.701
53 1.139 0.170 1.220
129 1.118 0.186 1.078
101 1.111 0.188 0.842
179 1.121 0.168 0.701
53 1.166 0.164 1.221
129 1.142 0.177 1.079
101 1.122 0.178 0.842
179 1.126 0.159 0.700
53 1.184 0.152 1.223
129 1.164 0.169 1.080
101 1.139 0.170 0.841
179 1.136 0.152 0.700
53 1.188 0.147 1.224
129 1.179 0.161 1.080
101 1.159 0.163 0.840
179 1.151 0.147 0.698
53 1.183 0.144 1.224
129 1.185 0.158 1.080
101 1.173 0.159 0.840
179 1.166 0.144 0.697
53 1.171 0.141 1.226
129 1.184 0.156 1.081
101 1.183 0.160 0.840
179 1.177 0.147 0.697
53 1.148 0.139 1.226
129 1.171 0.154 1.083
101 1.187 0.163 0.841
179 1.186 0.151 0.698
53 1.125 0.139 1.227
129 1.152 0.154 1.084
101 1.182 0.167 0.844
179 1.189 0.157 0.699
53 1.097 0.140 1.226
129 1.127 0.156 1.085
101 1.169 0.171 0.846
179 1.185 0.163 0.701
53 1.080 0.136 1.226
129 1.104 0.158 1.085
101 1.148 0.177 0.847
179 1.171 0.170 0.703
53 1.078 0.137 1.223
129 1.091 0.159 1.083
101 1.127 0.178 0.847
179 1.152 0.173 0.704
53 1.085 0.139 1.222
129 1.088 0.164 1.082
101 1.114 0.181 0.846
179 1.136 0.173 0.703
53 1.098 0.137 1.221
129 1.092 0.163 1.081
101 1.106 0.182 0.845
179 1.124 0.173 0.702
53 1.117 0.131 1.221
129 1.102 0.157 1.080
101 1.104 0.178 0.844
179 1.117 0.168 0.702
53 1.140 0.124 1.222
129 1.119 0.147 1.080
101 1.106 0.167 0.844
179 1.115 0.159 0.701
53 1.164 0.118 1.222
129 1.139 0.136 1.081
101 1.115 0.155 0.843
179 1.117 0.148 0.701
53 1.181 0.105 1.224
129 1.160 0.127 1.082
101 1.131 0.145 0.843
179 1.126 0.139 0.701
53 1.183 0.100 1.224
129 1.172 0.119 1.082
101 1.150 0.135 0.843
179 1.141 0.131 0.700
53 1.176 0.099 1.225
129 1.175 0.116 1.082
101 1.163 0.130 0.842
179 1.155 0.127 0.699
53 1.163 0.096 1.226
129 1.172 0.116 1.082
101 1.171 0.132 0.842
179 1.165 0.129 0.699
53 1.147 0.094 1.227
129 1.164 0.114 1.084
101 1.174 0.135 0.843
179 1.172 0.134 0.699
53 1.122 0.093 1.227
129 1.146 0.114 1.085
101 1.171 0.140 0.845
179 1.175 0.142 0.700
53 1.094 0.095 1.227
129 1.122 0.116 1.086
101 1.159 0.145 0.847
179 1.171 0.149 0.702
53 1.076 0.090 1.227
129 1.098 0.118 1.086
101 1.137 0.150 0.849
179 1.158 0.155 0.705
53 1.072 0.091 1.224
129 1.083 0.119 1.084
101 1.114 0.150 0.849
179 1.138 0.155 0.706
53 1.079 0.092 1.223
129 1.079 0.122 1.083
101 1.100 0.152 0.848
179 1.121 0.154 0.705
53 1.093 0.088 1.222
129 1.083 0.118 1.082
101 1.092 0.152 0.847
179 1.109 0.153 0.704
53 1.114 0.081 1.222
129 1.096 0.110 1.082
101 1.091 0.144 0.846
179 1.102 0.146 0.704
53 1.137 0.074 1.223
129 1.114 0.099 1.082
101 1.096 0.131 0.846
179 1.101 0.135 0.704
53 1.162 0.067 1.223
129 1.135 0.088 1.082
101 1.107 0.116 0.846
179 1.107 0.121 0.704
53 1.179 0.055 1.225
129 1.156 0.079 1.083
101 1.125 0.105 0.846
179 1.118 0.110 0.703
53 1.180 0.050 1.226
129 1.169 0.071 1.084
101 1.145 0.095 0.845
179 1.135 0.100 0.702
53 1.173 0.049 1.226
129 1.171 0.069 1.084
101 1.158 0.090 0.845
179 1.149 0.095 0.702
53 1.160 0.046 1.227
129 1.168 0.068 1.084
101 1.165 0.091 0.845
179 1.159 0.096 0.702
53 1.144 0.043 1.228
129 1.160 0.067 1.085
101 1.168 0.095 0.846
179 1.165 0.102 0.702
53 1.119 0.043 1.228
129 1.143 0.066 1.087
101 1.165 0.100 0.847
179 1.168 0.110 0.703
53 1.093 0.044 1.228
129 1.120 0.068 1.087
101 1.152 0.104 0.849
179 1.163 0.117 0.705
53 1.075 0.038 1.228
129 1.097 0.069 1.088
101 1.132 0.110 0.851
179 1.149 0.124 0.707
53 1.071 0.040 1.226
129 1.081 0.071 1.086
101 1.108 0.111 0.852
179 1.129 0.125 0.709
53 1.077 0.043 1.225
129 1.075 0.076 1.085
101 1.092 0.115 0.851
179 1.111 0.125 0.708
53 1.091 0.039 1.224
129 1.080 0.073 1.084
101 1.084 0.116 0.850
179 1.099 0.125 0.708
53 1.112 0.032 1.224
129 1.093 0.064 1.084
101 1.083 0.108 0.849
179 1.092 0.119 0.707
53 1.136 0.025 1.225
129 1.112 0.053 1.084
101 1.091 0.094 0.849
179 1.094 0.106 0.707
53 1.161 0.019 1.225
129 1.134 0.042 1.085
101 1.105 0.077 0.849
179 1.102 0.090 0.707
53 1.178 0.006 1.227
129 1.156 0.032 1.086
101 1.125 0.066 0.849
179 1.117 0.078 0.706
53 1.181 0.001 1.228
129 1.170 0.024 1.086
101 1.147 0.054 0.848
179 1.135 0.066 0.705
53 1.174 -0.001 1.228
129 1.174 0.022 1.086
101 1.161 0.049 0.848
179 1.152 0.059 0.705
53 1.163 -0.006 1.229
129 1.172 0.018 1.087
101 1.170 0.048 0.848
179 1.163 0.058 0.705
53 1.146 -0.010 1.230
129 1.164 0.015 1.088
101 1.173 0.049 0.849
179 1.170 0.062 0.706
53 1.123 -0.012 1.231
129 1.147 0.012 1.090
101 1.170 0.050 0.851
179 1.172 0.067 0.707
53 1.096 -0.013 1.230
129 1.124 0.011 1.090
101 1.158 0.051 0.852
179 1.167 0.071 0.708
53 1.078 -0.018 1.231
129 1.101 0.011 1.091
101 1.137 0.055 0.855
179 1.152 0.075 0.711
53 1.075 -0.015 1.229
129 1.086 0.015 1.090
101 1.113 0.057 0.855
179 1.131 0.077 0.712
53 1.080 -0.011 1.228
129 1.080 0.022 1.088
101 1.096 0.065 0.854
179 1.112 0.081 0.712
53 1.092 -0.012 1.227
129 1.081 0.023 1.087
101 1.084 0.071 0.853
179 1.097 0.087 0.711
53 1.110 -0.016 1.227
129 1.091 0.018 1.087
101 1.080 0.068 0.853
179 1.088 0.087 0.711
53 1.133 -0.022 1.227
129 1.109 0.009 1.087
101 1.086 0.057 0.852
179 1.089 0.077 0.711
53 1.159 -0.028 1.227
129 1.132 -0.002 1.087
101 1.102 0.041 0.852
179 1.099 0.061 0.710
53 1.178 -0.041 1.229
129 1.157 -0.012 1.089
101 1.126 0.029 0.853
179 1.117 0.047 0.710
53 1.182 -0.048 1.230
129 1.173 -0.022 1.089
101 1.151 0.015 0.852
179 1.140 0.032 0.709
53 1.177 -0.052 1.231
129 1.180 -0.026 1.089
101 1.169 0.008 0.852
179 1.160 0.023 0.708
53 1.167 -0.058 1.233
129 1.179 -0.032 1.091
101 1.181 0.004 0.852
179 1.176 0.019 0.709
53 1.148 -0.064 1.234
129 1.170 -0.039 1.092
101 1.187 0.000 0.854
179 1.186 0.017 0.710
53 1.125 -0.068 1.234
129 1.153 -0.045 1.094
101 1.184 -0.005 0.856
179 1.189 0.016 0.711
53 1.099 -0.071 1.234
129 1.131 -0.049 1.094
101 1.172 -0.010 0.857
179 1.184 0.013 0.713
53 1.082 -0.078 1.235
129 1.110 -0.051 1.096
101 1.152 -0.011 0.860
179 1.170 0.011 0.717
53 1.083 -0.076 1.233
129 1.099 -0.049 1.094
101 1.131 -0.011 0.860
179 1.149 0.010 0.718
53 1.091 -0.070 1.232
129 1.097 -0.042 1.092
101 1.117 -0.003 0.858
179 1.132 0.014 0.717
53 1.103 -0.069 1.231
129 1.099 -0.038 1.091
101 1.107 0.005 0.857
179 1.118 0.022 0.716
53 1.117 -0.070 1.230
129 1.104 -0.037 1.090
101 1.099 0.010 0.857
179 1.106 0.030 0.715
53 1.135 -0.072 1.230
129 1.114 -0.040 1.090
101 1.096 0.010 0.856
179 1.098 0.033 0.715
53 1.157 -0.075 1.230
129 1.130 -0.046 1.090
101 1.102 0.004 0.856
179 1.099 0.029 0.715
53 1.173 -0.088 1.232
129 1.151 -0.054 1.091
101 1.120 -0.003 0.856
179 1.111 0.022 0.714
53 1.175 -0.093 1.233
129 1.165 -0.062 1.092
101 1.144 -0.016 0.855
179 1.134 0.008 0.713
53 1.168 -0.096 1.234
129 1.169 -0.066 1.093
101 1.162 -0.023 0.855
179 1.155 -0.002 0.713
53 1.156 -0.102 1.235
129 1.167 -0.072 1.094
101 1.174 -0.029 0.856
179 1.172 -0.009 0.713
53 1.140 -0.109 1.237
129 1.160 -0.080 1.095
101 1.180 -0.036 0.858
179 1.183 -0.015 0.714
53 1.118 -0.115 1.237
129 1.146 -0.089 1.097
101 1.179 -0.045 0.860
179 1.188 -0.022 0.716
53 1.094 -0.119 1.237
129 1.125 -0.096 1.097
101 1.169 -0.054 0.861
179 1.185 -0.031 0.718
53 1.079 -0.129 1.239
129 1.107 -0.101 1.100
101 1.151 -0.060 0.864
179 1.173 -0.038 0.721
53 1.081 -0.129 1.237
129 1.098 -0.103 1.098
101 1.133 -0.065 0.864
179 1.154 -0.045 0.722
53 1.091 -0.126 1.235
129 1.099 -0.099 1.096
101 1.123 -0.063 0.862
179 1.140 -0.047 0.720
53 1.104 -0.127 1.234
129 1.103 -0.099 1.094
101 1.116 -0.060 0.860
179 1.129 -0.045 0.719
53 1.119 -0.129 1.233
129 1.109 -0.100 1.093
101 1.110 -0.059 0.859
179 1.120 -0.042 0.717
53 1.137 -0.132 1.233
129 1.119 -0.104 1.093
101 1.108 -0.060 0.858
179 1.113 -0.040 0.717
53 1.156 -0.135 1.233
129 1.132 -0.109 1.092
101 1.111 -0.063 0.858
179 1.112 -0.040 0.716
53 1.171 -0.145 1.235
129 1.150 -0.114 1.093
101 1.123 -0.066 0.858
179 1.117 -0.041 0.716
53 1.170 -0.148 1.235
129 1.160 -0.119 1.094
101 1.140 -0.072 0.857
179 1.132 -0.047 0.715
53 1.160 -0.149 1.236
129 1.160 -0.119 1.094
101 1.153 -0.075 0.857
179 1.148 -0.051 0.714
53 1.145 -0.153 1.237
129 1.154 -0.123 1.095
101 1.160 -0.077 0.858
179 1.160 -0.055 0.715
53 1.127 -0.157 1.238
129 1.144 -0.127 1.097
101 1.162 -0.081 0.859
179 1.168 -0.058 0.716
53 1.107 -0.162 1.239
129 1.130 -0.134 1.098
101 1.159 -0.089 0.861
179 1.170 -0.065 0.717
53 1.082 -0.167 1.239
129 1.110 -0.141 1.099
101 1.150 -0.098 0.862
179 1.167 -0.074 0.719
53 1.067 -0.177 1.241
129 1.091 -0.148 1.101
101 1.133 -0.105 0.865
179 1.155 -0.083 0.722
