0 -55.100
1 -77.110
2 -40.726
3 -31.925
4 -28.985
5 -26.474
6 -18.044
7 -17.037
8 -20.592
9 -19.160
10 -18.578
11 -15.890
12 -16.306
13 -13.064
14 -15.967
15 -12.623
16 -14.000
17 -13.354
18 -13.175
19 -13.432
20 -10.307
21 -9.778
22 -11.626
23 -11.484
24 -12.475
25 -9.930
26 -9.634
27 -12.104
28 -9.943
29 -10.785
30 -9.126
31 -9.963
32 -10.305
33 -11.929
34 -11.219
35 -8.867
36 -11.251
37 -9.896
38 -10.647
39 -12.080
40 -9.231
41 -12.556
42 -11.681
43 -12.111
44 -12.129
45 -11.742
46 -11.006
47 -9.833
48 -8.465
49 -11.197
50 -12.091
51 -9.775
52 -10.740
53 -10.786
54 -9.030
55 -9.960
56 -9.552
57 -11.372
58 -10.021
59 -9.841
60 -10.172
61 -9.198
62 -9.649
