0 -92.543
1 -94.443
2 -49.547
3 -41.164
4 -39.285
5 -40.012
6 -31.698
7 -28.828
8 -28.134
9 -26.689
10 -24.356
11 -23.267
12 -21.466
13 -20.791
14 -21.307
15 -19.474
16 -20.230
17 -18.940
18 -18.506
19 -18.527
20 -16.570
21 -17.709
22 -17.949
23 -16.719
24 -17.170
25 -16.021
26 -15.860
27 -16.116
28 -15.349
29 -16.010
30 -15.678
31 -15.388
32 -15.029
33 -17.059
34 -16.290
35 -17.215
36 -15.848
37 -15.563
38 -16.093
39 -16.322
40 -15.604
41 -17.477
42 -16.433
43 -16.900
44 -16.861
45 -15.354
46 -15.943
47 -15.546
48 -15.695
49 -15.588
50 -16.630
51 -15.084
52 -15.243
53 -15.464
54 -15.558
55 -15.210
56 -15.725
57 -15.343
58 -14.708
59 -14.763
60 -15.237
61 -14.276
62 -14.021
