0 -119.890
1 -118.606
2 -58.365
3 -51.329
4 -46.048
5 -53.785
6 -41.186
7 -40.133
8 -35.243
9 -33.470
10 -28.934
11 -30.684
12 -26.560
13 -28.255
14 -29.807
15 -26.367
16 -32.259
17 -26.187
18 -25.665
19 -25.547
20 -27.048
21 -24.713
22 -26.771
23 -23.312
24 -28.095
25 -24.995
26 -22.931
27 -21.382
28 -20.806
29 -21.679
30 -23.261
31 -23.386
32 -21.444
33 -28.672
34 -22.192
35 -22.386
36 -23.043
37 -21.342
38 -23.985
39 -24.961
40 -22.489
41 -24.969
42 -22.396
43 -25.971
44 -26.200
45 -22.114
46 -23.895
47 -20.522
48 -23.019
49 -24.836
50 -25.013
51 -20.657
52 -22.741
53 -23.839
54 -22.700
55 -21.030
56 -20.805
57 -22.444
58 -20.444
59 -22.462
60 -27.299
61 -19.524
62 -18.986
